 0  0  0  0  0  0  0  0  0  0  0  0  0  0  0  0  0  0  0  0  0  0  0  0  0  0  0  0  0  0  0  0  0  0  0  0  0  0  0  0  0  0  0  0  0  0  0  0  0  0  0  0  0  0  0  0  0  0  0  0  0  0  0  0  0  0  0  0  0  0  0  0  0  0  0  0  0  0  0  0  0  0  0  0  0  0  0  0  0  0  0 
 1  0  0  0  0  0  0  0  0  0  0  0  0  0  0  0  0  0  0  0  0  0  0  0  0  0  0  0  0  0  0  0  0  0  0  0  0  0  0  0  0  0  0  0  0  0  0  0  0  0  0  0  0  0  0  0  0  0  0  0  0  0  0  0  0  0  0  0  0  0  0  0  0  0  0  0  0  0  0  0  0  0  0  0  0  0  0  0  0  0  0 
 2  0  0  0  0  0  0  0  0  0  0  0  0  0  0  0  0  0  0  0  0  0  0  0  0  0  0  0  0  0  0  0  0  0  0  0  0  0  0  0  0  0  0  0  0  0  0  0  0  0  0  0  0  0  0  0  0  0  0  0  0  0  0  0  0  0  0  0  0  0  0  0  0  0  0  0  0  0  0  0  0  0  0  0  0  0  0  0  0  0  0 
 3  0  0  0  0  0  0  0  0  0  0  0  0  0  0  0  0  0  0  0  0  0  0  0  0  0  0  0  0  0  0  0  0  0  0  0  0  0  0  0  0  0  0  0  0  0  0  0  0  0  0  0  0  0  0  0  0  0  0  0  0  0  0  0  0  0  0  0  0  0  0  0  0  0  0  0  0  0  0  0  0  0  0  0  0  0  0  0  0  0  0 
 4  0  0  0  0  0  0  0  0  0  0  0  0  0  0  0  0  0  0  0  0  0  0  0  0  0  0  0  0  0  0  0  0  0  0  0  0  0  0  0  0  0  0  0  0  0  0  0  0  0  0  0  0  0  0  0  0  0  0  0  0  0  0  0  0  0  0  0  0  0  0  0  0  0  0  0  0  0  0  0  0  0  0  0  0  0  0  0  0  0  0 
 5  0  0  0  0  0  0  0  0  0  0  0  0  0  0  0  0  0  0  0  0  0  0  0  0  0  0  0  0  0  0  0  0  0  0  0  0  0  0  0  0  0  0  0  0  0  0  0  0  0  0  0  0  0  0  0  0  0  0  0  0  0  0  0  0  0  0  0  0  0  0  0  0  0  0  0  0  0  0  0  0  0  0  0  0  0  0  0  0  0  0 
 6  0  0  0  0  0  0  0  0  0  0  0  0  0  0  0  0  0  0  0  0  0  0  0  0  0  0  0  0  0  0  0  0  0  0  0  0  0  0  0  0  0  0  0  0  0  0  0  0  0  0  0  0  0  0  0  0  0  0  0  0  0  0  0  0  0  0  0  0  0  0  0  0  0  0  0  0  0  0  0  0  0  0  0  0  0  0  0  0  0  0 
 7  0  0  0  0  0  0  0  0  0  0  0  0  0  0  0  0  0  0  0  0  0  0  0  0  0  0  0  0  0  0  0  0  0  0  0  0  0  0  0  0  0  0  0  0  0  0  0  0  0  0  0  0  0  0  0  0  0  0  0  0  0  0  0  0  0  0  0  0  0  0  0  0  0  0  0  0  0  0  0  0  0  0  0  0  0  0  0  0  0  0 
 8  0  0  0  0  0  0  0  0  0  0  0  0  0  0  0  0  0  0  0  0  0  0  0  0  0  0  0  0  0  0  0  0  0  0  0  0  0  0  0  0  0  0  0  0  0  0  0  0  0  0  0  0  0  0  0  0  0  0  0  0  0  0  0  0  0  0  0  0  0  0  0  0  0  0  0  0  0  0  0  0  0  0  0  0  0  0  0  0  0  0 
 9  0  0  0  0  0  0  0  0  0  0  0  0  0  0  0  0  0  0  0  0  0  0  0  0  0  0  0  0  0  0  0  0  0  0  0  0  0  0  0  0  0  0  0  0  0  0  0  0  0  0  0  0  0  0  0  0  0  0  0  0  0  0  0  0  0  0  0  0  0  0  0  0  0  0  0  0  0  0  0  0  0  0  0  0  0  0  0  0  0  0 
 10  0  0  0  0  0  0  0  0  0  0  0  0  0  0  0  0  0  0  0  0  0  0  0  0  0  0  0  0  0  0  0  0  0  0  0  0  0  0  0  0  0  0  0  0  0  0  0  0  0  0  0  0  0  0  0  0  0  0  0  0  0  0  0  0  0  0  0  0  0  0  0  0  0  0  0  0  0  0  0  0  0  0  0  0  0  0  0  0  0  0 
 11  0  0  0  0  0  0  0  0  0  0  0  0  0  0  0  0  0  0  0  0  0  0  0  0  0  0  0  0  0  0  0  0  0  0  0  0  0  0  0  0  0  0  0  0  0  0  0  0  0  0  0  0  0  0  0  0  0  0  0  0  0  0  0  0  0  0  0  0  0  0  0  0  0  0  0  0  0  0  0  0  0  0  0  0  0  0  0  0  0  0 
 12  0  0  0  0  0  0  0  0  0  0  0  0  0  0  0  0  0  0  0  0  0  0  0  0  0  0  0  0  0  0  0  0  0  0  0  0  0  0  0  0  0  0  0  0  0  0  0  0  0  0  0  0  0  0  0  0  0  0  0  0  0  0  0  0  0  0  0  0  0  0  0  0  0  0  0  0  0  0  0  0  0  0  0  0  0  0  0  0  0  0 
 13  0  0  0  0  0  0  0  0  0  0  0  0  0  0  0  0  0  0  0  0  0  0  0  0  0  0  0  0  0  0  0  0  0  0  0  0  0  0  0  0  0  0  0  0  0  0  0  0  0  0  0  0  0  0  0  0  0  0  0  0  0  0  0  0  0  0  0  0  0  0  0  0  0  0  0  0  0  0  0  0  0  0  0  0  0  0  0  0  0  0 
 14  0  0  0  0  0  0  0  0  0  0  0  0  0  0  0  0  0  0  0  0  0  0  0  0  0  0  0  0  0  0  0  0  0  0  0  0  0  0  0  0  0  0  0  0  0  0  0  0  0  0  0  0  0  0  0  0  0  0  0  0  0  0  0  0  0  0  0  0  0  0  0  0  0  0  0  0  0  0  0  0  0  0  0  0  0  0  0  0  0  0 
 15  0  0  0  0  0  0  0  0  0  0  0  0  0  0  0  0  0  0  0  0  0  0  0  0  0  0  0  0  0  0  0  0  0  0  0  0  0  0  0  0  0  0  0  0  0  0  0  0  0  0  0  0  0  0  0  0  0  0  0  0  0  0  0  0  0  0  0  0  0  0  0  0  0  0  0  0  0  0  0  0  0  0  0  0  0  0  0  0  0  0 
 16  0  0  0  0  0  0  0  0  0  0  0  0  0  0  0  0  0  0  0  0  0  0  0  0  0  0  0  0  0  0  0  0  0  0  0  0  0  0  0  0  0  0  0  0  0  0  0  0  0  0  0  0  0  0  0  0  0  0  0  0  0  0  0  0  0  0  0  0  0  0  0  0  0  0  0  0  0  0  0  0  0  0  0  0  0  0  0  0  0  0 
 17  0  0  0  0  0  0  0  0  0  0  0  0  0  0  0  0  0  0  0  0  0  0  0  0  0  0  0  0  0  0  0  0  0  0  0  0  0  0  0  0  0  0  0  0  0  0  0  0  0  0  0  0  0  0  0  0  0  0  0  0  0  0  0  0  0  0  0  0  0  0  0  0  0  0  0  0  0  0  0  0  0  0  0  0  0  0  0  0  0  0 
 18  0  0  0  0  0  0  0  0  0  0  0  0  0  0  0  0  0  0  0  0  0  0  0  0  0  0  0  0  0  0  0  0  0  0  0  0  0  0  0  0  0  0  0  0  0  0  0  0  0  0  0  0  0  0  0  0  0  0  0  0  0  0  0  0  0  0  0  0  0  0  0  0  0  0  0  0  0  0  0  0  0  0  0  0  0  0  0  0  0  0 
 19  0  0  0  0  0  0  0  0  0  0  0  0  0  0  0  0  0  0  0  0  0  0  0  0  0  0  0  0  0  0  0  0  0  0  0  0  0  0  0  0  0  0  0  0  0  0  0  0  0  0  0  0  0  0  0  0  0  0  0  0  0  0  0  0  0  0  0  0  0  0  0  0  0  0  0  0  0  0  0  0  0  0  0  0  0  0  0  0  0  0 
 20  0  0  0  0  0  0  0  0  0  0  0  0  0  0  0  0  0  0  0  0  0  0  0  0  0  0  0  0  0  0  0  0  0  0  0  0  0  0  0  0  0  0  0  0  0  0  0  0  0  0  0  0  0  0  0  0  0  0  0  0  0  0  0  0  0  0  0  0  0  0  0  0  0  0  0  0  0  0  0  0  0  0  0  0  0  0  0  0  0  0 
 21  0  0  0  0  0  0  0  0  0  0  0  0  0  0  0  0  0  0  0  0  0  0  0  0  0  0  0  0  0  0  0  0  0  0  0  0  0  0  0  0  0  0  0  0  0  0  0  0  0  0  0  0  0  0  0  0  0  0  0  0  0  0  0  0  0  0  0  0  0  0  0  0  0  0  0  0  0  0  0  0  0  0  0  0  0  0  0  0  0  0 
 22  0  0  0  0  0  0  0  0  0  0  0  0  0  0  0  0  0  0  0  0  0  0  0  0  0  0  0  0  0  0  0  0  0  0  0  0  0  0  0  0  0  0  0  0  0  0  0  0  0  0  0  0  0  0  0  0  0  0  0  0  0  0  0  0  0  0  0  0  0  0  0  0  0  0  0  0  0  0  0  0  0  0  0  0  0  0  0  0  0  0 
 23  0  0  0  0  0  0  0  0  0  0  0  0  0  0  0  0  0  0  0  0  0  0  0  0  0  0  0  0  0  0  0  0  0  0  0  0  0  0  0  0  0  0  0  0  0  0  0  0  0  0  0  0  0  0  0  0  0  0  0  0  0  0  0  0  0  0  0  0  0  0  0  0  0  0  0  0  0  0  0  0  0  0  0  0  0  0  0  0  0  0 
 24  0  0  0  0  0  0  0  0  0  0  0  0  0  0  0  0  0  0  0  0  0  0  0  0  0  0  0  0  0  0  0  0  0  0  0  0  0  0  0  0  0  0  0  0  0  0  0  0  0  0  0  0  0  0  0  0  0  0  0  0  0  0  0  0  0  0  0  0  0  0  0  0  0  0  0  0  0  0  0  0  0  0  0  0  0  0  0  0  0  0 
 25  0  0  0  0  0  0  0  0  0  0  0  0  0  0  0  0  0  0  0  0  0  0  0  0  0  0  0  0  0  0  0  0  0  0  0  0  0  0  0  0  0  0  0  0  0  0  0  0  0  0  0  0  0  0  0  0  0  0  0  0  0  0  0  0  0  0  0  0  0  0  0  0  0  0  0  0  0  0  0  0  0  0  0  0  0  0  0  0  0  0 
 26  0  0  0  0  0  0  0  0  0  0  0  0  0  0  0  0  0  0  0  0  0  0  0  0  0  0  0  0  0  0  0  0  0  0  0  0  0  0  0  0  0  0  0  0  0  0  0  0  0  0  0  0  0  0  0  0  0  0  0  0  0  0  0  0  0  0  0  0  0  0  0  0  0  0  0  0  0  0  0  0  0  0  0  0  0  0  0  0  0  0 
 27  0  0  0  0  0  0  0  0  0  0  0  0  0  0  0  0  0  0  0  0  0  0  0  0  0  0  0  0  0  0  0  0  0  0  0  0  0  0  0  0  0  0  0  0  0  0  0  0  0  0  0  0  0  0  0  0  0  0  0  0  0  0  0  0  0  0  0  0  0  0  0  0  0  0  0  0  0  0  0  0  0  0  0  0  0  0  0  0  0  0 
 28  0  0  0  0  0  0  0  0  0  0  0  0  0  0  0  0  0  0  0  0  0  0  0  0  0  0  0  0  0  0  0  0  0  0  0  0  0  0  0  0  0  0  0  0  0  0  0  0  0  0  0  0  0  0  0  0  0  0  0  0  0  0  0  0  0  0  0  0  0  0  0  0  0  0  0  0  0  0  0  0  0  0  0  0  0  0  0  0  0  0 
 29  0  0  0  0  0  0  0  0  0  0  0  0  0  0  0  0  0  0  0  0  0  0  0  0  0  0  0  0  0  0  0  0  0  0  0  0  0  0  0  0  0  0  0  0  0  0  0  0  0  0  0  0  0  0  0  0  0  0  0  0  0  0  0  0  0  0  0  0  0  0  0  0  0  0  0  0  0  0  0  0  0  0  0  0  0  0  0  0  0  0 
 30  0  0  0  0  0  0  0  0  0  0  0  0  0  0  0  0  0  0  0  0  0  0  0  0  0  0  0  0  0  0  0  0  0  0  0  0  0  0  0  0  0  0  0  0  0  0  0  0  0  0  0  0  0  0  0  0  0  0  0  0  0  0  0  0  0  0  0  0  0  0  0  0  0  0  0  0  0  0  0  0  0  0  0  0  0  0  0  0  0  0 
 31  0  0  0  0  0  0  0  0  0  0  0  0  0  0  0  0  0  0  0  0  0  0  0  0  0  0  0  0  0  0  0  0  0  0  0  0  0  0  0  0  0  0  0  0  0  0  0  0  0  0  0  0  0  0  0  0  0  0  0  0  0  0  0  0  0  0  0  0  0  0  0  0  0  0  0  0  0  0  0  0  0  0  0  0  0  0  0  0  0  0 
 32  0  0  0  0  0  0  0  0  0  0  0  0  0  0  0  0  0  0  0  0  0  0  0  0  0  0  0  0  0  0  0  0  0  0  0  0  0  0  0  0  0  0  0  0  0  0  0  0  0  0  0  0  0  0  0  0  0  0  0  0  0  0  0  0  0  0  0  0  0  0  0  0  0  0  0  0  0  0  0  0  0  0  0  0  0  0  0  0  0  0 
 33  0  0  0  0  0  0  0  0  0  0  0  0  0  0  0  0  0  0  0  0  0  0  0  0  0  0  0  0  0  0  0  0  0  0  0  0  0  0  0  0  0  0  0  0  0  0  0  0  0  0  0  0  0  0  0  0  0  0  0  0  0  0  0  0  0  0  0  0  0  0  0  0  0  0  0  0  0  0  0  0  0  0  0  0  0  0  0  0  0  0 
 34  0  0  0  0  0  0  0  0  0  0  0  0  0  0  0  0  0  0  0  0  0  0  0  0  0  0  0  0  0  0  0  0  0  0  0  0  0  0  0  0  0  0  0  0  0  0  0  0  0  0  0  0  0  0  0  0  0  0  0  0  0  0  0  0  0  0  0  0  0  0  0  0  0  0  0  0  0  0  0  0  0  0  0  0  0  0  0  0  0  0 
 35  0  0  0  0  0  0  0  0  0  0  0  0  0  0  0  0  0  0  0  0  0  0  0  0  0  0  0  0  0  0  0  0  0  0  0  0  0  0  0  0  0  0  0  0  0  0  0  0  0  0  0  0  0  0  0  0  0  0  0  0  0  0  0  0  0  0  0  0  0  0  0  0  0  0  0  0  0  0  0  0  0  0  0  0  0  0  0  0  0  0 
 36  0  0  0  0  0  0  0  0  0  0  0  0  0  0  0  0  0  0  0  0  0  0  0  0  0  0  0  0  0  0  0  0  0  0  0  0  0  0  0  0  0  0  0  0  0  0  0  0  0  0  0  0  0  0  0  0  0  0  0  0  0  0  0  0  0  0  0  0  0  0  0  0  0  0  0  0  0  0  0  0  0  0  0  0  0  0  0  0  0  0 
 37  0  0  0  0  0  0  0  0  0  0  0  0  0  0  0  0  0  0  0  0  0  0  0  0  0  0  0  0  0  0  0  0  0  0  0  0  0  0  0  0  0  0  0  0  0  0  0  0  0  0  0  0  0  0  0  0  0  0  0  0  0  0  0  0  0  0  0  0  0  0  0  0  0  0  0  0  0  0  0  0  0  0  0  0  0  0  0  0  0  0 
 38  0  0  0  0  0  0  0  0  0  0  0  0  0  0  0  0  0  0  0  0  0  0  0  0  0  0  0  0  0  0  0  0  0  0  0  0  0  0  0  0  0  0  0  0  0  0  0  0  0  0  0  0  0  0  0  0  0  0  0  0  0  0  0  0  0  0  0  0  0  0  0  0  0  0  0  0  0  0  0  0  0  0  0  0  0  0  0  0  0  0 
 39  0  0  0  0  0  0  0  0  0  0  0  0  0  0  0  0  0  0  0  0  0  0  0  0  0  0  0  0  0  0  0  0  0  0  0  0  0  0  0  0  0  0  0  0  0  0  0  0  0  0  0  0  0  0  0  0  0  0  0  0  0  0  0  0  0  0  0  0  0  0  0  0  0  0  0  0  0  0  0  0  0  0  0  0  0  0  0  0  0  0 
 40  0  0  0  0  0  0  0  0  0  0  0  0  0  0  0  0  0  0  0  0  0  0  0  0  0  0  0  0  0  0  0  0  0  0  0  0  0  0  0  0  0  0  0  0  0  0  0  0  0  0  0  0  0  0  0  0  0  0  0  0  0  0  0  0  0  0  0  0  0  0  0  0  0  0  0  0  0  0  0  0  0  0  0  0  0  0  0  0  0  0 
 41  0  0  0  0  0  0  0  0  0  0  0  0  0  0  0  0  0  0  0  0  0  0  0  0  0  0  0  0  0  0  0  0  0  0  0  0  0  0  0  0  0  0  0  0  0  0  0  0  0  0  0  0  0  0  0  0  0  0  0  0  0  0  0  0  0  0  0  0  0  0  0  0  0  0  0  0  0  0  0  0  0  0  0  0  0  0  0  0  0  0 
 42  0  0  0  0  0  0  0  0  0  0  0  0  0  0  0  0  0  0  0  0  0  0  0  0  0  0  0  0  0  0  0  0  0  0  0  0  0  0  0  0  0  0  0  0  0  0  0  0  0  0  0  0  0  0  0  0  0  0  0  0  0  0  0  0  0  0  0  0  0  0  0  0  0  0  0  0  0  0  0  0  0  0  0  0  0  0  0  0  0  0 
 43  0  0  0  0  0  0  0  0  0  0  0  0  0  0  0  0  0  0  0  0  0  0  0  0  0  0  0  0  0  0  0  0  0  0  0  0  0  0  0  0  0  0  0  0  0  0  0  0  0  0  0  0  0  0  0  0  0  0  0  0  0  0  0  0  0  0  0  0  0  0  0  0  0  0  0  0  0  0  0  0  0  0  0  0  0  0  0  0  0  0 
 44  0  0  0  0  0  0  0  0  0  0  0  0  0  0  0  0  0  0  0  0  0  0  0  0  0  0  0  0  0  0  0  0  0  0  0  0  0  0  0  0  0  0  0  0  0  0  0  0  0  0  0  0  0  0  0  0  0  0  0  0  0  0  0  0  0  0  0  0  0  0  0  0  0  0  0  0  0  0  0  0  0  0  0  0  0  0  0  0  0  0 
 45  0  0  0  0  0  0  0  0  0  0  0  0  0  0  0  0  0  0  0  0  0  0  0  0  0  0  0  0  0  0  0  0  0  0  0  0  0  0  0  0  0  0  0  0  0  0  0  0  0  0  0  0  0  0  0  0  0  0  0  0  0  0  0  0  0  0  0  0  0  0  0  0  0  0  0  0  0  0  0  0  0  0  0  0  0  0  0  0  0  0 
 46  0  0  0  0  0  0  0  0  0  0  0  0  0  0  0  0  0  0  0  0  0  0  0  0  0  0  0  0  0  0  0  0  0  0  0  0  0  0  0  0  0  0  0  0  0  0  0  0  0  0  0  0  0  0  0  0  0  0  0  0  0  0  0  0  0  0  0  0  0  0  0  0  0  0  0  0  0  0  0  0  0  0  0  0  0  0  0  0  0  0 
 47  0  0  0  0  0  0  0  0  0  0  0  0  0  0  0  0  0  0  0  4  0  0  0  0  0  0  0  0  0  0  0  0  0  0  0  0  0  0  0  0  0  0  0  0  0  0  0  0  0  0  0  0  0  0  0  0  0  0  0  0  0  0  0  0  0  0  0  0  0  0  0  0  0  0  0  0  0  0  0  0  0  0  0  0  0  0  0  0  0  0 
 48  0  0  0  0  0  0  0  0  0  0  0  0  0  0  0  0  0  0  0  7  0  0  0  0  0  0  0  0  0  0  0  0  0  0  0  0  0  0  0  0  0  0  0  0  0  0  0  0  0  0  0  0  0  0  0  0  0  0  0  0  0  0  0  0  0  0  0  0  0  0  0  0  0  0  0  0  0  0  0  0  0  0  0  0  0  0  0  0  0  0 
 49  0  0  0  0  0  0  0  0  0  0  0  0  0  0  0  0  0  0  0  28  0  0  0  0  0  0  0  0  0  0  0  0  0  0  0  0  0  0  0  0  0  0  0  0  0  0  0  0  0  0  0  0  0  0  0  0  0  0  0  0  4  0  0  0  0  0  0  0  0  0  0  0  0  0  0  0  0  0  0  0  0  0  0  0  0  0  0  0  0  0 
 50  0  0  0  0  0  0  0  0  0  0  0  0  0  0  0  0  0  0  0  45  0  0  0  0  0  0  0  0  0  0  0  0  0  0  0  0  0  0  0  0  0  0  0  0  0  0  0  0  0  0  0  0  0  0  0  0  0  0  0  0  7  0  0  0  0  0  0  0  0  0  0  0  0  0  0  0  0  0  0  0  0  0  0  0  0  0  0  0  0  0 
 51  0  0  0  0  0  0  0  0  0  0  0  0  0  0  0  0  0  0  0  136  0  0  0  0  0  0  0  0  0  0  0  0  0  0  0  0  0  0  0  0  0  0  0  0  0  0  0  0  0  0  0  0  0  0  0  0  0  0  0  0  32  0  0  0  0  0  0  0  0  0  0  0  0  0  0  0  0  0  0  0  0  0  0  0  0  0  0  0  0  0 
 52  0  0  0  0  0  0  0  0  0  0  0  0  0  0  0  0  0  0  0  221  0  0  0  0  0  0  0  0  0  0  0  0  0  0  0  0  0  0  0  0  0  0  0  0  0  0  0  0  0  0  0  0  0  0  0  0  0  0  0  0  55  0  0  0  0  0  0  0  0  0  0  0  0  0  0  0  0  0  0  0  0  0  0  0  0  0  0  0  0  0 
 53  1  0  0  0  0  0  0  0  0  0  1  0  0  0  0  0  0  0  0  626  0  1  0  0  0  0  0  0  0  0  0  0  0  0  1  0  0  0  0  0  0  0  0  0  0  0  1  0  0  0  0  0  0  1  0  0  0  0  0  0  139  0  0  0  0  0  0  0  0  0  0  0  0  0  0  0  0  0  0  0  0  0  0  1  0  0  0  0  0  0 
 54  5  1  3  0  1  2  3  2  1  1  5  1  3  1  2  2  2  1  1  688  1  5  1  1  1  1  1  1  1  1  1  1  1  1  7  1  2  1  1  1  2  1  1  2  1  1  2  1  1  1  1  1  1  10  1  3  1  2  1  1  222  1  1  1  2  1  9  0  1  1  1  1  1  1  0  1  1  0  1  2  1  1  1  6  2  0  0  2  0  0 
 55  22  6  20  6  6  10  7  16  10  10  20  9  17  13  8  12  15  12  8  817  7  22  11  20  11  11  11  13  9  12  9  12  11  12  18  17  15  13  15  15  13  12  7  12  17  12  18  13  14  14  9  16  10  24  10  16  12  11  11  11  694  8  9  12  11  9  18  10  13  9  9  10  10  10  9  10  8  6  9  14  8  10  8  21  10  8  8  10  8  8 
 56  45  28  41  19  25  32  35  33  33  34  43  31  34  28  31  29  31  29  26  1211  29  36  28  34  27  25  27  28  26  27  25  28  27  28  38  32  33  33  32  36  37  35  29  36  33  35  37  33  31  33  28  32  34  47  31  39  35  37  34  30  694  30  30  27  31  27  46  28  38  30  26  32  29  34  27  30  27  27  33  38  32  35  35  51  40  29  31  32  28  32 
 57  107  57  94  48  48  59  61  77  62  58  106  54  78  68  59  68  66  63  49  974  49  105  59  80  59  61  61  63  62  60  58  60  60  67  91  79  78  75  82  74  75  71  56  75  77  71  90  65  68  71  65  76  64  116  64  76  76  72  65  69  856  61  63  65  66  60  107  62  70  58  56  56  56  60  53  58  54  47  51  66  52  54  52  91  69  54  52  62  58  56 
 58  185  130  196  104  113  145  154  148  142  142  184  150  153  135  135  131  139  123  121  1341  123  181  135  149  126  124  127  133  124  127  127  128  125  142  180  137  167  144  144  145  147  145  120  150  150  168  173  142  142  140  135  167  131  195  151  171  171  136  133  133  1239  129  138  143  145  130  195  133  152  136  128  136  134  134  125  132  128  117  144  162  132  135  141  197  181  129  121  141  126  127 
 59  310  243  306  218  233  256  268  269  250  250  319  255  266  262  247  247  263  247  237  1856  223  314  248  261  240  239  238  246  229  226  230  233  225  258  294  271  255  265  261  261  267  266  229  265  279  269  272  236  258  249  245  243  249  323  238  257  284  268  245  240  1511  250  236  248  247  232  328  264  248  238  232  241  248  251  240  245  242  225  239  251  235  238  237  315  259  228  232  231  234  239 
 60  950  739  960  393  420  798  849  856  789  808  980  846  860  790  725  725  836  673  551  2443  616  937  783  910  769  654  762  800  752  701  725  679  741  880  920  895  912  876  918  901  898  881  607  861  918  909  913  816  874  815  831  851  796  1011  831  900  902  845  811  791  1901  792  789  717  808  743  1030  818  843  562  575  570  578  659  523  576  555  439  769  840  650  608  737  928  881  514  468  637  543  722 
 61  1193  1057  1204  1234  1242  1080  1054  1048  1059  1023  1166  1046  1054  1055  1065  1074  1071  1108  1163  3038  1143  1202  1060  1073  1104  1158  1080  1062  1093  1102  1107  1122  1092  1099  1205  1067  1088  1065  1068  1046  1068  1059  1178  1080  1091  1100  1146  1063  1047  1079  1078  1066  1070  1184  1080  1110  1153  1076  1055  1080  2400  1083  1086  1119  1075  1104  1230  1099  1045  1193  1154  1161  1186  1137  1199  1171  1172  1240  1079  1027  1114  1129  1082  1142  1055  1186  1217  1110  1161  1102 
 62  1703  1710  1739  1576  1599  1647  1675  1664  1670  1675  1707  1694  1663  1659  1675  1663  1666  1655  1684  4013  1652  1729  1691  1666  1644  1678  1660  1681  1671  1664  1652  1650  1652  1677  1704  1713  1711  1698  1716  1708  1701  1709  1706  1702  1720  1733  1705  1692  1682  1646  1668  1630  1646  1744  1660  1680  1683  1638  1626  1626  3017  1637  1628  1605  1609  1635  1658  1647  1674  1652  1658  1695  1651  1672  1654  1677  1660  1586  1660  1652  1681  1658  1667  1710  1724  1678  1630  1687  1693  1692 
 63  1753  1625  1778  1551  1554  1679  1722  1720  1643  1661  1787  1684  1676  1678  1657  1641  1703  1613  1597  4103  1622  1761  1655  1700  1650  1620  1647  1652  1611  1603  1614  1625  1622  1658  1737  1719  1717  1703  1714  1686  1700  1671  1586  1688  1696  1689  1719  1652  1702  1666  1648  1623  1660  1780  1687  1736  1722  1659  1657  1637  3611  1643  1668  1619  1696  1659  1840  1637  1687  1624  1596  1612  1646  1637  1633  1603  1639  1609  1667  1715  1654  1637  1689  1815  1804  1629  1587  1670  1616  1648 
 64  1890  1741  1978  1753  1781  1728  1744  1744  1713  1714  1888  1712  1732  1706  1686  1697  1725  1708  1734  4112  1719  1948  1667  1673  1646  1673  1652  1667  1661  1687  1687  1678  1688  1621  1797  1717  1777  1717  1717  1726  1716  1747  1704  1728  1809  1774  1799  1704  1743  1704  1708  1739  1719  1933  1723  1803  1773  1667  1696  1721  3538  1681  1691  1712  1685  1687  1950  1695  1722  1763  1768  1756  1740  1721  1738  1780  1752  1744  1735  1745  1766  1782  1768  1976  1891  1773  1810  1764  1786  1769 
 65  1949  1978  2033  1934  1951  2037  2047  2056  2034  2027  2009  2020  2033  2015  2041  2017  2066  2008  1986  4559  1995  2068  1975  2012  2003  2004  1998  2014  1998  2006  1979  1963  2008  1969  1966  2000  2018  2020  2022  2019  2020  2004  1964  2028  2000  1975  2000  1983  2062  1991  2009  2037  1994  2024  2018  1983  2034  1954  1982  1977  3701  1980  1963  1963  1995  1983  2000  1975  1955  1966  1963  1986  1979  1994  1950  1986  1945  1959  1980  2062  2035  2040  2057  2034  2036  2009  2013  2043  2010  1998 
 66  2158  2089  2221  1926  1912  2081  2116  2101  2111  2102  2209  2097  2076  2138  2121  2096  2114  2094  2097  3837  2098  2210  2089  2077  2096  2101  2103  2118  2085  2094  2096  2077  2075  2080  2077  2078  2102  2085  2067  2092  2101  2082  2019  2089  2063  2079  2071  2063  2049  2080  2069  2085  2074  2181  2074  2123  2104  2098  2112  2128  3361  2080  2138  2081  2106  2086  2230  2053  2087  2057  2057  2059  2050  2077  2064  2047  2041  1903  2047  2111  2108  2084  2117  2216  2230  2075  2047  2092  2069  2086 
 67  2201  2061  2311  2014  2004  2076  2108  2091  2079  2075  2277  2075  2045  2045  2068  2075  2093  2048  2041  3125  2065  2325  2045  2067  2039  2020  2040  2055  2025  2046  2062  2030  2086  2042  2060  2024  2048  2064  2038  2052  2034  2055  1998  2056  2069  2017  2005  2023  2033  2015  2047  2011  2038  2253  2055  2056  1995  2002  2076  2075  3531  2034  2063  2029  2046  2032  2312  2046  2019  2011  2006  2031  2043  2063  1987  2008  1999  1997  2089  2052  2078  2074  2079  2310  2234  2061  2029  2101  2073  2075 
 68  2032  2048  2140  2161  2182  2093  2063  2078  2068  2088  2155  2059  2114  2137  2134  2132  2156  2167  2156  3325  2149  2206  2131  2095  2145  2167  2164  2150  2171  2147  2126  2170  2102  2057  2045  2091  2105  2058  2058  2089  2077  2071  2105  2082  2057  2071  2093  2085  2111  2085  2055  2127  2092  2140  2079  2114  2083  2087  2076  2110  3248  2122  2094  2129  2113  2123  2211  2099  2063  2128  2122  2104  2077  2058  2133  2104  2137  2136  2021  2141  2116  2123  2114  2203  2199  2131  2183  2110  2115  2085 
 69  2087  2098  2080  1895  1931  2124  2143  2157  2136  2131  2009  2099  2187  2231  2183  2184  2180  2151  2141  3278  2136  2107  2129  2139  2135  2184  2163  2191  2143  2151  2133  2159  2120  2103  2177  2175  2202  2173  2169  2167  2164  2143  2055  2150  2175  2128  2162  2154  2181  2172  2151  2202  2154  2116  2147  2181  2184  2123  2161  2161  2586  2171  2147  2165  2200  2172  2113  2143  2158  2183  2161  2195  2197  2231  2194  2196  2176  2034  2181  2222  2221  2223  2235  2139  2184  2220  2201  2240  2203  2190 
 70  1992  1996  2067  1966  1941  2027  2050  2036  2015  2002  2008  2023  2018  1967  2038  2015  2045  2035  2009  2736  2018  2055  1957  2014  1986  1967  1991  1979  1971  2002  1997  1966  2040  1964  2002  2022  2038  2024  2016  2049  2037  2049  1943  2074  2038  2052  2052  2006  2074  2021  2032  2078  2011  2055  2065  2063  2035  1981  2038  2058  2411  1989  2032  1945  2007  1982  2076  1996  1999  1961  1969  1976  1990  1977  1941  1981  1966  1971  2036  2078  2073  2067  2095  2109  2059  2027  2059  2071  2038  2061 
 71  1978  1901  2159  1804  1814  1961  1940  1954  1906  1920  2112  1881  1907  1959  1907  1911  1925  1900  1898  2636  1901  2164  1913  1826  1841  1812  1845  1850  1868  1865  1862  1874  1827  1796  1878  1884  1903  1887  1888  1900  1905  1902  1794  1904  1933  1890  1911  1900  1911  1900  1889  1947  1923  2131  1916  1933  1925  1822  1831  1872  2456  1880  1845  1908  1866  1870  2095  1858  1878  1885  1896  1897  1880  1919  1908  1878  1905  1767  1874  1978  1927  1961  1952  2229  2135  1939  1945  1956  1911  1892 
 72  2100  1990  2023  1849  1838  2105  2168  2177  2114  2120  2009  2116  2116  2146  2075  2027  2129  1990  1915  2733  1926  1957  1945  2017  1993  2074  1987  2155  1967  1940  1938  1990  1929  1928  2153  2145  2187  2161  2113  2166  2159  2142  1908  2146  2163  2118  2143  1972  2169  2010  2025  2179  2085  2006  2130  2148  2128  1920  1969  2031  2428  1973  1954  1968  1987  1964  1935  1969  2040  2184  2068  2236  2184  2263  2086  2179  2103  1918  2043  2204  2224  2172  2194  2023  2100  2159  2097  2199  2159  2157 
 73  1834  1892  1859  2017  2035  1818  1817  1824  1797  1820  1899  1785  1749  1812  1804  1821  1788  1866  1929  2452  1923  1862  1888  1795  1889  1816  1897  1728  1872  1913  1893  1919  1902  1874  1634  1685  1719  1682  1676  1669  1682  1696  1880  1720  1699  1706  1778  1907  1739  1873  1866  1786  1820  1853  1773  1831  1764  1841  1898  1838  2240  1884  1896  1867  1853  1888  1846  1864  1807  1763  1850  1714  1762  1699  1836  1746  1840  1970  1835  1841  1787  1810  1855  1864  1881  1825  1910  1858  1820  1780 
 74  1699  1740  1891  1669  1695  1754  1746  1731  1752  1756  1756  1760  1741  1714  1771  1767  1756  1814  1754  2070  1744  1837  1695  1771  1688  1793  1709  1764  1727  1758  1744  1696  1762  1689  1704  1717  1684  1716  1715  1741  1698  1715  1700  1689  1661  1666  1594  1644  1640  1626  1662  1652  1688  1717  1651  1621  1613  1739  1763  1782  1894  1726  1727  1752  1794  1728  1859  1692  1729  1778  1717  1766  1763  1755  1751  1767  1720  1704  1727  1683  1699  1694  1650  1930  1729  1711  1728  1697  1723  1707 
 75  1823  1574  1739  1658  1651  1612  1720  1706  1601  1604  1800  1565  1598  1721  1590  1595  1631  1562  1596  2090  1597  1745  1569  1518  1588  1554  1586  1643  1575  1592  1600  1600  1581  1570  1555  1503  1650  1518  1470  1561  1540  1521  1576  1527  1544  1530  1527  1495  1492  1498  1493  1611  1501  1677  1515  1586  1516  1558  1556  1589  2024  1581  1602  1595  1552  1592  1757  1577  1583  1599  1605  1635  1593  1712  1603  1598  1610  1620  1596  1715  1627  1608  1665  1689  1738  1583  1595  1666  1541  1518 
 76  1639  1654  1717  1514  1555  1665  1592  1583  1654  1672  1664  1646  1661  1576  1682  1676  1617  1692  1684  1621  1703  1719  1629  1708  1660  1664  1694  1645  1665  1712  1701  1679  1701  1592  1558  1631  1542  1630  1638  1590  1630  1629  1609  1643  1610  1609  1639  1688  1681  1684  1677  1713  1699  1710  1683  1628  1624  1649  1709  1705  2048  1662  1705  1682  1709  1693  1692  1652  1680  1645  1615  1619  1632  1574  1596  1622  1606  1683  1661  1620  1612  1666  1588  1729  1706  1687  1728  1615  1681  1684 
 77  1696  1683  1665  1828  1746  1692  1715  1714  1705  1695  1725  1729  1663  1653  1669  1642  1680  1642  1620  1688  1600  1678  1620  1647  1633  1674  1613  1683  1619  1599  1593  1605  1608  1606  1707  1694  1719  1695  1678  1729  1715  1701  1713  1711  1724  1703  1737  1646  1723  1664  1656  1801  1646  1710  1705  1694  1716  1555  1622  1666  1831  1623  1610  1599  1638  1605  1662  1608  1680  1731  1675  1755  1734  1748  1707  1735  1697  1715  1710  1836  1746  1702  1740  1687  1654  1723  1791  1700  1716  1709 
 78  1656  1685  1601  1912  1948  1711  1680  1689  1709  1715  1605  1690  1707  1699  1686  1706  1704  1686  1717  1896  1718  1571  1774  1703  1754  1694  1759  1695  1757  1738  1752  1723  1714  1764  1753  1698  1717  1703  1713  1728  1718  1692  1957  1725  1727  1705  1718  1743  1729  1740  1728  1742  1718  1604  1662  1724  1728  1785  1685  1657  1929  1723  1686  1702  1666  1717  1604  1727  1684  1669  1724  1666  1676  1709  1726  1686  1720  1932  1662  1691  1663  1708  1679  1644  1651  1682  1760  1686  1664  1683 
 79  1647  1738  1687  1871  1868  1663  1699  1678  1667  1662  1676  1695  1649  1672  1684  1688  1673  1693  1681  1672  1671  1676  1705  1674  1692  1695  1655  1648  1682  1644  1662  1702  1665  1751  1684  1701  1664  1704  1735  1669  1669  1701  1849  1654  1665  1710  1685  1706  1668  1699  1695  1694  1686  1674  1722  1680  1718  1720  1672  1671  1769  1691  1706  1740  1688  1682  1681  1722  1716  1683  1722  1677  1682  1649  1702  1699  1701  1881  1725  1753  1686  1657  1690  1661  1700  1683  1722  1672  1721  1707 
 80  1538  1671  1357  1822  1813  1668  1600  1618  1661  1655  1382  1680  1735  1709  1720  1726  1720  1711  1751  1743  1750  1440  1701  1746  1732  1746  1742  1765  1719  1722  1742  1696  1772  1718  1791  1779  1738  1781  1801  1772  1785  1774  1927  1773  1773  1766  1760  1782  1813  1784  1770  1773  1747  1508  1754  1724  1778  1745  1773  1724  2021  1702  1769  1694  1764  1732  1422  1702  1785  1759  1746  1770  1803  1755  1732  1778  1724  1870  1777  1711  1750  1759  1713  1432  1540  1742  1776  1728  1746  1780 
 81  1553  1686  1615  1774  1728  1644  1621  1643  1680  1668  1630  1668  1659  1576  1661  1691  1640  1654  1653  1969  1651  1635  1735  1687  1711  1654  1660  1603  1728  1646  1649  1715  1652  1748  1671  1672  1611  1651  1682  1614  1641  1650  1778  1636  1655  1675  1653  1636  1656  1680  1648  1605  1635  1567  1658  1653  1677  1712  1662  1651  1946  1692  1655  1693  1659  1654  1651  1713  1668  1574  1680  1584  1569  1574  1689  1621  1684  1739  1646  1635  1624  1602  1636  1592  1634  1666  1645  1608  1686  1661 
 82  2072  1825  2042  1866  1896  2020  2058  2028  1953  1948  2076  2004  2031  2035  1977  1994  2072  1879  1824  2077  1821  2073  1785  2037  1804  2021  1825  2024  1784  1792  1805  1743  1824  1798  2066  2014  2025  1987  2005  1967  1973  1955  2002  1955  2013  1961  2036  1803  1979  1903  1821  2044  1794  2080  1885  2044  2076  1805  1851  1856  2305  1765  1856  1744  1930  1804  2068  1795  1945  2006  1780  1991  2008  1992  1770  2002  1771  2056  1936  2103  1939  1973  2007  1996  2105  1902  1958  1941  1934  1967 
 83  1997  2192  2220  2224  2242  1978  2000  1970  2039  1959  2125  1973  1967  1940  2012  1992  1995  2107  2182  2321  2192  2263  2229  2016  2235  1958  2207  1965  2205  2178  2206  2178  2196  2203  2040  2012  1978  1999  2035  1995  2013  1965  2087  1991  1975  1960  1839  2060  1977  2050  2092  1966  2129  2114  2009  1997  2008  2235  2126  2052  2085  2213  2119  2147  2042  2174  2304  2147  2024  1925  2174  1935  1962  1933  2182  1922  2178  1967  2019  2022  1977  1910  1979  2239  2148  1983  1954  1970  1995  1986 
 84  2490  2457  2179  2372  2433  2602  2560  2617  2593  2616  2343  2658  2602  2664  2575  2590  2635  2491  2408  2036  2464  2169  2477  2641  2482  2626  2491  2662  2469  2426  2404  2531  2462  2522  2629  2597  2619  2645  2640  2644  2632  2649  2605  2627  2647  2680  2781  2552  2640  2509  2481  2588  2440  2332  2569  2593  2609  2423  2512  2529  2166  2427  2505  2521  2560  2451  2135  2524  2546  2543  2424  2582  2560  2641  2426  2601  2411  2612  2493  2486  2607  2680  2603  2076  2348  2544  2600  2616  2585  2626 
 85  1909  2078  2231  2264  2186  1960  1945  1931  1972  2012  2031  1967  1932  1956  1963  1959  1894  2018  2113  2172  2094  2213  2103  1908  2081  1986  2107  1928  2114  2150  2136  2097  2090  2125  1924  1979  1952  1954  1943  1960  1935  1967  2025  1936  1910  1937  1891  2147  1925  2065  2109  1952  2126  2103  1999  1921  1946  2157  2046  2023  2273  2140  2033  2110  2011  2148  2239  2121  2006  2053  2168  2017  2021  1953  2138  2013  2136  2023  2059  1954  1919  1894  1896  2216  2155  1982  1923  1897  1942  1917 
 86  2660  2368  2847  2353  2371  2387  2426  2414  2369  2326  2916  2381  2407  2377  2397  2364  2481  2395  2337  2032  2352  2856  2383  2396  2362  2339  2317  2346  2337  2313  2323  2327  2354  2325  2606  2366  2465  2386  2438  2383  2415  2406  2430  2416  2459  2410  2512  2288  2421  2364  2326  2532  2302  2912  2367  2601  2697  2323  2365  2377  2411  2361  2373  2348  2357  2326  2867  2350  2410  2395  2346  2378  2356  2368  2373  2392  2381  2413  2398  2818  2431  2420  2481  2867  2955  2375  2428  2423  2380  2425 
 87  2715  2874  2300  2906  2882  2833  2904  2929  2849  2877  2430  2838  2811  2989  2785  2836  2931  2836  2887  2168  2846  2280  2848  2803  2831  2873  2856  2927  2873  2872  2887  2875  2816  2867  2857  2902  2930  2873  2882  2887  2884  2860  2892  2880  2969  2883  2954  2942  2926  2903  2918  2931  2938  2366  2884  2863  2789  2906  2870  2846  2238  2858  2872  2882  2845  2882  2226  2869  2819  2880  2910  2877  2888  2904  2885  2889  2892  2905  2832  2637  2861  2860  2946  2302  2327  2861  2866  2916  2848  2822 
 88  2410  2255  2424  2246  2248  2372  2280  2248  2313  2300  2341  2330  2357  2205  2353  2295  2230  2239  2210  2604  2222  2466  2260  2372  2270  2301  2228  2313  2229  2218  2224  2213  2265  2232  2356  2372  2281  2350  2357  2355  2367  2346  2391  2347  2279  2369  2291  2252  2323  2276  2263  2336  2243  2448  2338  2373  2416  2209  2244  2233  2040  2225  2243  2231  2280  2195  2471  2218  2360  2328  2232  2363  2355  2371  2258  2352  2258  2414  2330  2459  2405  2391  2308  2465  2433  2334  2431  2358  2363  2418 
 89  2253  2668  2427  2699  2689  2544  2496  2505  2598  2583  2400  2584  2538  2527  2572  2613  2474  2679  2705  2369  2699  2432  2692  2575  2688  2602  2732  2558  2699  2715  2706  2725  2685  2706  2379  2532  2456  2537  2504  2527  2501  2541  2537  2524  2463  2515  2420  2651  2525  2657  2668  2384  2682  2431  2594  2325  2303  2680  2648  2659  2185  2686  2651  2668  2623  2693  2443  2699  2555  2488  2644  2525  2521  2473  2640  2497  2640  2490  2570  2314  2483  2515  2410  2386  2469  2584  2464  2462  2582  2510 
 90  2337  2289  2247  2323  2325  2323  2327  2316  2289  2322  2277  2330  2351  2367  2325  2332  2345  2300  2303  2386  2315  2298  2305  2327  2327  2355  2321  2356  2342  2329  2294  2333  2333  2320  2338  2347  2364  2383  2377  2360  2351  2366  2354  2351  2375  2363  2389  2328  2357  2320  2297  2369  2281  2214  2322  2346  2330  2341  2344  2319  2109  2318  2353  2336  2329  2316  2330  2336  2310  2404  2330  2338  2359  2350  2330  2380  2295  2344  2325  2333  2305  2302  2321  2311  2398  2325  2333  2318  2323  2324 
 91  2632  2600  2546  2597  2617  2616  2666  2675  2640  2636  2616  2619  2601  2549  2612  2596  2628  2590  2551  2565  2554  2475  2556  2629  2573  2522  2550  2532  2573  2552  2577  2539  2539  2530  2592  2565  2619  2571  2570  2552  2590  2563  2597  2578  2597  2586  2569  2511  2573  2539  2539  2590  2512  2531  2558  2621  2609  2560  2552  2577  2356  2538  2551  2523  2594  2599  2459  2561  2600  2498  2527  2523  2506  2519  2539  2503  2558  2537  2585  2583  2614  2587  2633  2458  2406  2574  2622  2617  2579  2595 
 92  2164  2217  2209  2230  2218  2190  2167  2151  2215  2218  2126  2209  2218  2283  2246  2249  2203  2267  2283  2381  2252  2254  2249  2240  2244  2328  2262  2313  2220  2260  2271  2244  2268  2260  2194  2233  2167  2214  2191  2213  2203  2208  2224  2201  2197  2177  2180  2224  2167  2227  2229  2211  2257  2201  2219  2145  2188  2265  2267  2252  2622  2251  2245  2265  2259  2245  2249  2238  2217  2338  2265  2306  2306  2287  2228  2307  2237  2284  2229  2196  2178  2201  2194  2221  2247  2184  2195  2195  2204  2188 
 93  2207  2244  2185  2250  2240  2245  2222  2222  2205  2185  2230  2200  2195  2198  2179  2200  2219  2212  2239  2348  2226  2186  2236  2169  2222  2191  2206  2166  2221  2225  2202  2221  2219  2215  2238  2202  2226  2194  2235  2226  2214  2224  2229  2224  2228  2232  2234  2268  2250  2219  2255  2233  2245  2227  2217  2263  2275  2228  2210  2207  2359  2219  2211  2198  2192  2220  2192  2218  2212  2179  2204  2185  2195  2192  2242  2185  2220  2198  2214  2257  2207  2222  2199  2202  2190  2223  2209  2217  2216  2234 
 94  2315  2178  2339  2201  2206  2240  2270  2279  2194  2223  2353  2205  2246  2270  2217  2215  2315  2195  2177  2451  2205  2332  2242  2230  2222  2220  2234  2233  2238  2203  2212  2239  2207  2234  2329  2272  2316  2296  2291  2306  2288  2271  2297  2288  2301  2221  2300  2219  2278  2216  2212  2314  2234  2327  2231  2332  2353  2217  2220  2208  2291  2268  2209  2285  2201  2208  2304  2250  2208  2238  2282  2268  2239  2286  2260  2249  2269  2282  2223  2374  2269  2251  2294  2317  2364  2217  2281  2279  2209  2207 
 95  2223  2406  2276  2389  2392  2317  2285  2265  2373  2371  2290  2362  2303  2264  2338  2335  2213  2393  2402  2107  2396  2286  2337  2287  2315  2298  2314  2295  2306  2336  2336  2315  2338  2297  2227  2276  2228  2257  2241  2249  2270  2284  2260  2281  2223  2324  2256  2374  2277  2389  2379  2240  2370  2295  2358  2253  2201  2319  2345  2354  2469  2286  2350  2274  2329  2337  2267  2276  2374  2329  2331  2290  2319  2265  2338  2309  2343  2282  2362  2219  2322  2325  2250  2297  2293  2381  2290  2269  2380  2355 
 96  2312  2251  2147  2269  2261  2309  2376  2370  2305  2322  2181  2304  2301  2339  2292  2286  2367  2240  2217  1852  2238  2130  2309  2317  2303  2290  2302  2319  2307  2240  2247  2304  2259  2318  2348  2389  2406  2372  2395  2394  2364  2362  2418  2365  2427  2351  2393  2271  2413  2300  2284  2399  2292  2216  2303  2373  2386  2233  2226  2226  2415  2293  2240  2306  2272  2243  2160  2343  2288  2303  2317  2339  2354  2367  2334  2352  2338  2380  2324  2330  2379  2371  2441  2182  2182  2312  2405  2415  2321  2347 
 97  1861  2015  2009  2028  1996  1911  1873  1864  1952  1931  1935  1958  1934  1906  1960  1954  1882  1987  2027  1799  2007  1981  1943  1962  2000  2009  2011  1959  1999  2047  2062  2014  2018  1993  1851  1882  1878  1927  1879  1891  1900  1912  1869  1902  1861  1908  1867  2011  1881  1965  2012  1895  1995  1958  1963  1848  1885  2064  2025  2036  2056  2004  2040  2033  2006  2058  1976  1982  1943  1978  1967  1943  1926  1911  1958  1931  1939  1885  1926  1890  1903  1917  1862  1966  2026  1983  1878  1887  1951  1933 
 98  2113  2056  2014  2052  2048  2096  2103  2116  2062  2050  2058  2058  2078  2099  2088  2081  2109  2062  2039  1601  2047  2028  2070  2058  2053  2077  2055  2088  2075  2048  2034  2072  2050  2052  2118  2077  2077  2062  2088  2081  2085  2073  2108  2091  2083  2080  2056  2016  2032  2037  2009  2025  2035  1992  2051  2102  2041  2051  2067  2054  2288  2063  2042  2036  2065  2060  2021  2053  2058  2070  2068  2083  2085  2080  2047  2094  2074  2109  2069  2104  2086  2091  2094  2052  2007  2058  2107  2088  2083  2083 
 99  2034  2049  1963  2081  2076  2041  2069  2056  2047  2049  1974  2075  2046  2056  2037  2039  2056  2069  2073  839  2078  1987  2052  2063  2084  2044  2064  2050  2041  2058  2048  2042  2064  2033  2018  2026  2026  2033  2019  2025  2025  2024  2037  2009  2021  2023  2049  2022  2049  2014  2025  2036  2020  1927  2019  1995  2005  2034  2049  2044  2027  2040  2054  2038  2055  2039  2004  2050  2046  1978  2001  2011  1987  2018  2021  2010  1999  2007  1999  1957  2017  2035  2053  1953  2000  1996  2020  2033  2041  2010 
 100  2022  2032  2251  2023  2039  2067  2060  2045  2042  2048  2146  2022  2043  1981  2040  2027  2063  2019  2027  305  1990  2286  2000  2046  1998  2016  2015  2007  2025  2008  2031  2011  1997  2003  2049  2037  2042  2030  2048  2035  2038  2024  2062  2028  2036  2017  2023  1989  2045  2028  2003  2079  2026  2231  2025  2084  2158  1982  2008  2022  1816  2026  2019  2048  2039  2006  2273  2007  1991  2030  2014  1984  2022  1956  2008  1989  2013  1971  2023  2143  2030  2008  2022  2237  2321  2018  2043  2044  2000  2049 
 101  2393  2285  2331  2300  2361  2328  2342  2350  2379  2339  2349  2373  2360  2379  2369  2387  2407  2374  2319  0  2366  2336  2361  2347  2321  2308  2329  2345  2293  2303  2261  2297  2326  2274  2396  2389  2367  2363  2365  2371  2367  2389  2367  2381  2413  2390  2421  2339  2395  2333  2351  2400  2297  2340  2377  2383  2329  2275  2314  2315  1701  2217  2320  2190  2318  2257  2315  2250  2348  2329  2281  2335  2357  2389  2275  2330  2256  2367  2328  2345  2372  2358  2366  2345  2271  2372  2338  2344  2362  2347 
 102  2173  2336  2297  2296  2283  2291  2261  2248  2252  2291  2229  2259  2250  2265  2252  2246  2177  2256  2297  0  2275  2243  2273  2247  2278  2244  2262  2263  2298  2292  2318  2307  2282  2335  2194  2217  2232  2266  2236  2235  2250  2232  2234  2248  2223  2249  2200  2331  2235  2306  2276  2164  2316  2269  2252  2191  2218  2349  2304  2273  1229  2361  2282  2373  2274  2351  2227  2364  2283  2247  2359  2253  2206  2247  2352  2260  2363  2272  2311  2205  2271  2268  2235  2264  2285  2268  2248  2247  2274  2255 
 103  2153  2105  2013  2157  2142  2131  2110  2165  2132  2120  2106  2135  2113  2136  2127  2133  2189  2138  2138  0  2133  2045  2122  2105  2116  2183  2122  2149  2137  2147  2137  2160  2136  2128  2160  2139  2163  2134  2156  2145  2142  2148  2145  2135  2112  2118  2152  2146  2149  2151  2161  2195  2138  2055  2135  2181  2209  2127  2114  2132  685  2136  2122  2151  2105  2130  2090  2105  2148  2228  2153  2213  2230  2186  2171  2208  2150  2161  2135  2194  2119  2138  2166  2113  2158  2139  2152  2148  2134  2147 
 104  2126  2159  2216  2136  2132  2139  2123  2098  2123  2112  2165  2109  2130  2097  2131  2141  2082  2119  2109  0  2108  2186  2103  2130  2119  2094  2123  2079  2104  2125  2142  2071  2146  2088  2155  2138  2146  2127  2119  2135  2139  2156  2154  2147  2152  2148  2127  2116  2108  2128  2152  2119  2139  2204  2153  2141  2136  2119  2136  2139  40  2091  2130  2085  2153  2153  2195  2155  2144  2117  2115  2134  2110  2114  2105  2097  2144  2137  2164  2216  2168  2158  2170  2197  2229  2173  2134  2155  2165  2174 
 105  2225  2127  2143  2182  2232  2230  2286  2253  2241  2269  2219  2267  2241  2214  2248  2237  2283  2201  2118  0  2154  2114  2229  2262  2226  2214  2221  2227  2220  2129  2109  2236  2120  2201  2261  2258  2254  2266  2271  2268  2249  2227  2264  2233  2272  2242  2256  2113  2283  2172  2154  2250  2106  2126  2217  2237  2233  2134  2174  2176  0  2265  2182  2251  2212  2145  2121  2200  2194  2161  2214  2165  2168  2186  2184  2183  2183  2208  2182  2156  2252  2244  2237  2091  2024  2223  2268  2243  2232  2225 
 106  2045  2205  2130  2147  2109  2061  2032  2049  2097  2089  2126  2084  2101  2088  2093  2085  2000  2132  2224  0  2207  2169  2130  2079  2099  2058  2113  2063  2112  2226  2247  2128  2205  2116  2007  2065  2041  2055  2073  2052  2063  2078  2046  2088  2039  2078  1998  2148  2020  2124  2103  1996  2161  2155  2081  2010  2010  2227  2184  2173  0  2087  2180  2076  2132  2207  2141  2106  2112  2055  2083  2049  2051  2041  2082  2039  2099  2025  2128  2052  2036  2035  1993  2126  2120  2067  2009  2026  2062  2053 
 107  2147  2109  2110  2131  2111  2169  2181  2208  2113  2087  2106  2108  2094  2160  2087  2095  2217  2115  2106  0  2109  2071  2082  2112  2144  2172  2139  2169  2144  2122  2107  2121  2120  2159  2153  2086  2139  2109  2074  2092  2095  2083  2183  2094  2157  2097  2174  2117  2156  2112  2102  2175  2135  2050  2093  2198  2189  2099  2125  2125  0  2105  2122  2132  2123  2113  2076  2127  2069  2118  2081  2120  2126  2117  2133  2128  2093  2115  2079  2122  2125  2094  2187  2034  2159  2087  2140  2138  2085  2084 
 108  2054  2081  1981  2086  2132  2090  2049  2036  2148  2163  1989  2157  2133  2137  2135  2146  2050  2086  2054  0  2042  2020  2157  2136  2176  2225  2147  2186  2181  2028  2036  2182  2050  2184  2081  2142  2096  2141  2160  2156  2152  2171  2085  2137  2072  2166  2093  2108  2098  2114  2095  2059  2068  2011  2155  2063  2012  2030  2065  2070  0  2235  2072  2229  2099  2025  2026  2201  2114  2218  2205  2221  2225  2233  2179  2248  2192  2236  2068  1972  2100  2135  2040  2010  1969  2114  2077  2082  2158  2161 
 109  1839  1989  1785  1961  1907  1948  1878  1865  1886  1868  1698  1862  1891  1903  1897  1899  1839  1956  2002  0  2000  1735  1900  1883  1882  1901  1902  1908  1871  2003  2006  1877  2016  1874  1840  1911  1872  1883  1893  1896  1892  1903  1854  1901  1898  1896  1893  1977  1907  1953  2011  1974  2012  1846  1921  1830  1983  2027  1973  1975  0  1842  1962  1820  1931  1999  1758  1828  1951  1956  1849  1936  1943  1916  1853  1933  1862  1926  1983  1874  1914  1904  1896  1798  1764  1949  1905  1913  1925  1916 
 110  1629  1642  1519  1628  1565  1501  1590  1602  1598  1592  1632  1601  1568  1573  1577  1582  1594  1592  1613  0  1601  1516  1616  1577  1615  1588  1613  1599  1640  1650  1648  1621  1608  1646  1596  1603  1597  1624  1589  1597  1606  1582  1625  1587  1596  1617  1565  1771  1606  1638  1632  1204  1615  1536  1635  1576  1262  1644  1619  1621  0  1675  1626  1697  1602  1647  1506  1687  1594  1607  1685  1592  1600  1592  1694  1593  1673  1586  1612  1571  1613  1618  1619  1523  1537  1627  1602  1615  1606  1596 
 111  1685  1549  1643  1588  1699  1767  1747  1701  1702  1707  1760  1745  1673  1729  1669  1617  1709  1591  1561  0  1571  1736  1684  1681  1656  1666  1647  1730  1611  1555  1558  1619  1561  1561  1736  1780  1751  1748  1748  1774  1757  1755  1749  1761  1735  1750  1736  1646  1744  1605  1545  1738  1581  1738  1665  1709  1718  1573  1578  1573  0  1612  1581  1603  1595  1599  1758  1641  1651  1656  1642  1707  1673  1738  1654  1710  1631  1743  1593  1727  1756  1738  1738  1742  1734  1675  1734  1748  1721  1730 
 112  1480  1703  1234  1697  1591  1530  1448  1493  1541  1554  1307  1522  1559  1492  1605  1652  1437  1696  1734  0  1720  1163  1593  1568  1601  1582  1628  1485  1666  1714  1722  1692  1733  1770  1414  1468  1423  1509  1490  1478  1482  1509  1413  1501  1446  1493  1474  1693  1481  1669  1755  1528  1721  1215  1578  1439  1499  1717  1699  1691  0  1682  1725  1699  1677  1699  1133  1651  1613  1615  1664  1546  1596  1523  1655  1529  1675  1489  1690  1263  1497  1516  1445  1132  1028  1628  1482  1491  1542  1532 
 113  829  912  683  895  861  797  773  807  867  863  756  805  865  903  842  872  818  908  976  0  949  671  893  865  911  948  890  895  909  1009  993  930  981  946  810  778  816  749  757  759  790  820  817  799  814  783  811  828  810  878  914  791  955  721  859  807  750  986  920  924  0  928  893  946  885  949  618  911  928  967  933  957  952  924  925  960  943  913  910  748  784  802  782  646  532  826  771  780  842  801 
 114  258  431  83  415  383  307  203  218  357  389  86  333  374  261  383  400  158  419  452  0  444  10  449  375  410  408  405  339  456  452  457  466  454  501  141  309  155  322  293  295  279  332  152  297  170  324  167  399  187  406  449  306  454  45  395  133  253  469  411  415  0  465  416  485  397  441  1  458  425  431  483  404  411  365  465  401  482  334  414  40  270  311  167  1  0  375  258  247  336  325 
 115  0  0  0  0  0  0  0  0  0  0  0  0  0  0  0  0  0  0  0  0  0  0  0  0  0  0  0  0  0  0  0  0  0  0  0  0  0  1  1  0  0  1  0  1  0  1  0  0  0  0  0  0  0  0  0  0  0  0  0  0  0  0  0  0  0  1  0  0  0  0  0  0  0  0  0  0  0  0  0  0  0  0  0  1  0  0  0  0  1  0 
 116  0  0  0  0  0  0  0  0  0  0  0  0  0  0  0  0  0  0  0  0  0  0  0  0  0  0  0  0  0  0  0  0  0  0  0  0  0  0  0  1  0  0  0  0  0  0  0  0  0  0  0  0  0  0  0  0  0  0  0  0  0  0  0  0  0  0  0  0  0  0  0  0  0  0  0  0  0  0  0  0  0  1  0  0  0  0  0  0  0  0 
 117  0  0  0  0  0  0  0  0  0  0  0  0  0  0  0  0  0  0  0  0  0  0  0  0  0  0  0  0  0  0  0  0  0  0  0  0  1  0  0  0  0  0  0  0  0  0  0  0  0  0  0  0  0  0  0  0  0  0  0  0  0  0  0  0  0  0  0  0  0  0  0  0  0  0  0  0  0  0  0  1  0  0  0  0  0  0  0  0  0  0 
 118  0  0  0  0  0  0  0  0  0  0  0  0  0  0  0  0  0  0  0  0  0  0  0  0  0  0  0  0  0  0  0  0  0  0  0  0  0  1  0  0  0  0  0  0  0  0  0  0  0  0  0  0  0  0  0  0  0  0  0  0  0  0  0  0  0  0  0  0  0  0  0  0  0  0  0  0  0  0  0  0  0  0  0  0  0  0  0  0  0  0 
 119  0  0  0  0  0  0  0  0  0  0  0  0  0  0  0  0  0  0  0  0  0  0  0  0  0  0  0  0  0  0  0  0  0  0  0  0  0  0  0  0  0  0  0  0  0  0  0  0  0  0  0  0  0  0  0  0  0  0  0  0  0  0  0  0  0  0  0  0  0  0  0  0  0  0  0  0  0  0  0  0  0  0  0  0  0  0  0  0  0  0 
 120  0  0  0  0  0  0  0  0  0  0  0  0  0  0  0  0  0  0  0  0  0  0  0  0  0  0  0  0  0  0  0  0  0  0  0  0  0  0  0  0  0  0  0  0  0  0  0  0  0  0  0  0  0  0  0  0  0  0  0  0  0  0  0  0  0  0  0  0  0  0  0  0  0  0  0  0  0  0  0  0  0  0  0  0  0  0  0  0  0  0 
 121  0  0  0  0  0  0  0  0  0  0  0  0  0  0  0  0  0  0  0  0  0  0  0  0  0  0  0  0  0  0  0  0  0  0  0  0  0  0  0  0  0  0  0  0  0  0  0  0  0  0  0  0  0  0  0  0  0  0  0  0  0  0  0  0  0  0  0  0  0  0  0  0  0  0  0  0  0  0  0  0  0  0  0  0  0  0  0  0  0  0 
 122  0  0  0  0  0  0  0  0  0  0  0  0  0  0  0  0  0  0  0  0  0  0  0  0  0  0  0  0  0  0  0  0  0  0  0  0  0  0  0  0  0  0  0  0  0  0  0  0  0  0  0  0  0  0  0  0  0  0  0  0  0  0  0  0  0  0  0  0  0  0  0  0  0  0  0  0  0  0  0  0  0  0  0  0  0  0  0  0  0  0 
 123  0  0  0  0  0  0  0  0  0  0  0  0  0  0  0  0  0  0  0  0  0  0  0  0  0  0  0  0  0  0  0  0  0  0  0  0  0  0  0  0  0  0  0  0  0  0  0  0  0  0  0  0  0  0  0  0  0  0  0  0  0  0  0  0  0  0  0  0  0  0  0  0  0  0  0  0  0  0  0  0  0  0  0  0  0  0  0  0  0  0 
 124  0  0  0  0  0  0  0  0  0  0  0  0  0  0  0  0  0  0  0  0  0  0  0  0  0  0  0  0  0  0  0  0  0  0  0  0  0  0  0  0  0  0  0  0  0  0  0  0  0  0  0  0  0  0  0  0  0  0  0  0  0  0  0  0  0  0  0  0  0  0  0  0  0  0  0  0  0  0  0  0  0  0  0  0  0  0  0  0  0  0 
 125  0  0  0  0  0  0  0  0  0  0  0  0  0  0  0  0  0  0  0  0  0  0  0  0  0  0  0  0  0  0  0  0  0  0  0  0  0  0  0  0  0  0  0  0  0  0  0  0  0  0  0  0  0  0  0  0  0  0  0  0  0  0  0  0  0  0  0  0  0  0  0  0  0  0  0  0  0  0  0  0  0  0  0  0  0  0  0  0  0  0 
 126  0  0  0  0  0  0  0  0  0  0  0  0  0  0  0  0  0  0  0  0  0  0  0  0  0  0  0  0  0  0  0  0  0  0  0  0  0  0  0  0  0  0  0  0  0  0  0  0  0  0  0  0  0  0  0  0  0  0  0  0  0  0  0  0  0  0  0  0  0  0  0  0  0  0  0  0  0  0  0  0  0  0  0  0  0  0  0  0  0  0 
 127  0  0  0  0  0  0  0  0  0  0  0  0  0  0  0  0  0  0  0  0  0  0  0  0  0  0  0  0  0  0  0  0  0  0  0  0  0  0  0  0  0  0  0  0  0  0  0  0  0  0  0  0  0  0  0  0  0  0  0  0  0  0  0  0  0  0  0  0  0  0  0  0  0  0  0  0  0  0  0  0  0  0  0  0  0  0  0  0  0  0 
 128  0  0  0  0  0  0  0  0  0  0  0  0  0  0  0  0  0  0  0  0  0  0  0  0  0  0  0  0  0  0  0  0  0  0  0  0  0  0  0  0  0  0  0  0  0  0  0  0  0  0  0  0  0  0  0  0  0  0  0  0  0  0  0  0  0  0  0  0  0  0  0  0  0  0  0  0  0  0  0  0  0  0  0  0  0  0  0  0  0  0 
 129  0  0  0  0  0  0  0  0  0  0  0  0  0  0  0  0  0  0  0  0  0  0  0  0  0  0  0  0  0  0  0  0  0  0  0  0  0  0  0  0  0  0  0  0  0  0  0  0  0  0  0  0  0  0  0  0  0  0  0  0  0  0  0  0  0  0  0  0  0  0  0  0  0  0  0  0  0  0  0  0  0  0  0  0  0  0  0  0  0  0 
 130  0  0  0  0  0  0  0  0  0  0  0  0  0  0  0  0  0  0  0  0  0  0  0  0  0  0  0  0  0  0  0  0  0  0  0  0  0  0  0  0  0  0  0  0  0  0  0  0  0  0  0  0  0  0  0  0  0  0  0  0  0  0  0  0  0  0  0  0  0  0  0  0  0  0  0  0  0  0  0  0  0  0  0  0  0  0  0  0  0  0 
 131  0  0  0  0  0  0  0  0  0  0  0  0  0  0  0  0  0  0  0  0  0  0  0  0  0  0  0  0  0  0  0  0  0  0  0  0  0  0  0  0  0  0  0  0  0  0  0  0  0  0  0  0  0  0  0  0  0  0  0  0  0  0  0  0  0  0  0  0  0  0  0  0  0  0  0  0  0  0  0  0  0  0  0  0  0  0  0  0  0  0 
 132  0  0  0  0  0  0  0  0  0  0  0  0  0  0  0  0  0  0  0  0  0  0  0  0  0  0  0  0  0  0  0  0  0  0  0  0  0  0  0  0  0  0  0  0  0  0  0  0  0  0  0  0  0  0  0  0  0  0  0  0  0  0  0  0  0  0  0  0  0  0  0  0  0  0  0  0  0  0  0  0  0  0  0  0  0  0  0  0  0  0 
 133  0  0  0  0  0  0  0  0  0  0  0  0  0  0  0  0  0  0  0  0  0  0  0  0  0  0  0  0  0  0  0  0  0  0  0  0  0  0  0  0  0  0  0  0  0  0  0  0  0  0  0  0  0  0  0  0  0  0  0  0  0  0  0  0  0  0  0  0  0  0  0  0  0  0  0  0  0  0  0  0  0  0  0  0  0  0  0  0  0  0 
 134  0  0  0  0  0  0  0  0  0  0  0  0  0  0  0  0  0  0  0  0  0  0  0  0  0  0  0  0  0  0  0  0  0  0  0  0  0  0  0  0  0  0  0  0  0  0  0  0  0  0  0  0  0  0  0  0  0  0  0  0  0  0  0  0  0  0  0  0  0  0  0  0  0  0  0  0  0  0  0  0  0  0  0  0  0  0  0  0  0  0 
 135  0  0  0  0  0  0  0  0  0  0  0  0  0  0  0  0  0  0  0  0  0  0  0  0  0  0  0  0  0  0  0  0  0  0  0  0  0  0  0  0  0  0  0  0  0  0  0  0  0  0  0  0  0  0  0  0  0  0  0  0  0  0  0  0  0  0  0  0  0  0  0  0  0  0  0  0  0  0  0  0  0  0  0  0  0  0  0  0  0  0 
 136  0  0  0  0  0  0  0  0  0  0  0  0  0  0  0  0  0  0  0  0  0  0  0  0  0  0  0  0  0  0  0  0  0  0  0  0  0  0  0  0  0  0  0  0  0  0  0  0  0  0  0  0  0  0  0  0  0  0  0  0  0  0  0  0  0  0  0  0  0  0  0  0  0  0  0  0  0  0  0  0  0  0  0  0  0  0  0  0  0  0 
 137  0  0  0  0  0  0  0  0  0  0  0  0  0  0  0  0  0  0  0  0  0  0  0  0  0  0  0  0  0  0  0  0  0  0  0  0  0  0  0  0  0  0  0  0  0  0  0  0  0  0  0  0  0  0  0  0  0  0  0  0  0  0  0  0  0  0  0  0  0  0  0  0  0  0  0  0  0  0  0  0  0  0  0  0  0  0  0  0  0  0 
 138  0  0  0  0  0  0  0  0  0  0  0  0  0  0  0  0  0  0  0  0  0  0  0  0  0  0  0  0  0  0  0  0  0  0  0  0  0  0  0  0  0  0  0  0  0  0  0  0  0  0  0  0  0  0  0  0  0  0  0  0  0  0  0  0  0  0  0  0  0  0  0  0  0  0  0  0  0  0  0  0  0  0  0  0  0  0  0  0  0  0 
 139  0  0  0  0  0  0  0  0  0  0  0  0  0  0  0  0  0  0  0  0  0  0  0  0  0  0  0  0  0  0  0  0  0  0  0  0  0  0  0  0  0  0  0  0  0  0  0  0  0  0  0  0  0  0  0  0  0  0  0  0  0  0  0  0  0  0  0  0  0  0  0  0  0  0  0  0  0  0  0  0  0  0  0  0  0  0  0  0  0  0 
 140  0  0  0  0  0  0  0  0  0  0  0  0  0  0  0  0  0  0  0  0  0  0  0  0  0  0  0  0  0  0  0  0  0  0  0  0  0  0  0  0  0  0  0  0  0  0  0  0  0  0  0  0  0  0  0  0  0  0  0  0  0  0  0  0  0  0  0  0  0  0  0  0  0  0  0  0  0  0  0  0  0  0  0  0  0  0  0  0  0  0 
 141  0  0  0  0  0  0  0  0  0  0  0  0  0  0  0  0  0  0  0  0  0  0  0  0  0  0  0  0  0  0  0  0  0  0  0  0  0  0  0  0  0  0  0  0  0  0  0  0  0  0  0  0  0  0  0  0  0  0  0  0  0  0  0  0  0  0  0  0  0  0  0  0  0  0  0  0  0  0  0  0  0  0  0  0  0  0  0  0  0  0 
 142  0  0  0  0  0  0  0  0  0  0  0  0  0  0  0  0  0  0  0  0  0  0  0  0  0  0  0  0  0  0  0  0  0  0  0  0  0  0  0  0  0  0  0  0  0  0  0  0  0  0  0  0  0  0  0  0  0  0  0  0  0  0  0  0  0  0  0  0  0  0  0  0  0  0  0  0  0  0  0  0  0  0  0  0  0  0  0  0  0  0 
 143  0  0  0  0  0  0  0  0  0  0  0  0  0  0  0  0  0  0  0  0  0  0  0  0  0  0  0  0  0  0  0  0  0  0  0  0  0  0  0  0  0  0  0  0  0  0  0  0  0  0  0  0  0  0  0  0  0  0  0  0  0  0  0  0  0  0  0  0  0  0  0  0  0  0  0  0  0  0  0  0  0  0  0  0  0  0  0  0  0  0 
 144  0  0  0  0  0  0  0  0  0  0  0  0  0  0  0  0  0  0  0  0  0  0  0  0  0  0  0  0  0  0  0  0  0  0  0  0  0  0  0  0  0  0  0  0  0  0  0  0  0  0  0  0  0  0  0  0  0  0  0  0  0  0  0  0  0  0  0  0  0  0  0  0  0  0  0  0  0  0  0  0  0  0  0  0  0  0  0  0  0  0 
 145  0  0  0  0  0  0  0  0  0  0  0  0  0  0  0  0  0  0  0  0  0  0  0  0  0  0  0  0  0  0  0  0  0  0  0  0  0  0  0  0  0  0  0  0  0  0  0  0  0  0  0  0  0  0  0  0  0  0  0  0  0  0  0  0  0  0  0  0  0  0  0  0  0  0  0  0  0  0  0  0  0  0  0  0  0  0  0  0  0  0 
 146  0  0  0  0  0  0  0  0  0  0  0  0  0  0  0  0  0  0  0  0  0  0  0  0  0  0  0  0  0  0  0  0  0  0  0  0  0  0  0  0  0  0  0  0  0  0  0  0  0  0  0  0  0  0  0  0  0  0  0  0  0  0  0  0  0  0  0  0  0  0  0  0  0  0  0  0  0  0  0  0  0  0  0  0  0  0  0  0  0  0 
 147  0  0  0  0  0  0  0  0  0  0  0  0  0  0  0  0  0  0  0  0  0  0  0  0  0  0  0  0  0  0  0  0  0  0  0  0  0  0  0  0  0  0  0  0  0  0  0  0  0  0  0  0  0  0  0  0  0  0  0  0  0  0  0  0  0  0  0  0  0  0  0  0  0  0  0  0  0  0  0  0  0  0  0  0  0  0  0  0  0  0 
 148  0  0  0  0  0  0  0  0  0  0  0  0  0  0  0  0  0  0  0  0  0  0  0  0  0  0  0  0  0  0  0  0  0  0  0  0  0  0  0  0  0  0  0  0  0  0  0  0  0  0  0  0  0  0  0  0  0  0  0  0  0  0  0  0  0  0  0  0  0  0  0  0  0  0  0  0  0  0  0  0  0  0  0  0  0  0  0  0  0  0 
 149  0  0  0  0  0  0  0  0  0  0  0  0  0  0  0  0  0  0  0  0  0  0  0  0  0  0  0  0  0  0  0  0  0  0  0  0  0  0  0  0  0  0  0  0  0  0  0  0  0  0  0  0  0  0  0  0  0  0  0  0  0  0  0  0  0  0  0  0  0  0  0  0  0  0  0  0  0  0  0  0  0  0  0  0  0  0  0  0  0  0 
 150  0  0  0  0  0  0  0  0  0  0  0  0  0  0  0  0  0  0  0  0  0  0  0  0  0  0  0  0  0  0  0  0  0  0  0  0  0  0  0  0  0  0  0  0  0  0  0  0  0  0  0  0  0  0  0  0  0  0  0  0  0  0  0  0  0  0  0  0  0  0  0  0  0  0  0  0  0  0  0  0  0  0  0  0  0  0  0  0  0  0 
