 0  0  0  0  0  0  0  0  0  0  0  0  0  0  0  0  0  0  0  0  0  0  0  0  0  0  0  0  0  0  0  0  0  0  0  0  0  0  0  0  0  0  0  0  0  4  0  0  0  0  0  0  0  0  0  0  0  0  0  0  0  0  0  0  0  0  0  0  0  0  0  0  0  0  0  0  0  0  0  0  0  0  0  0  0  0  0  0  0  0  0 
 1  0  0  0  0  0  0  0  0  0  0  0  0  0  0  0  0  0  0  0  0  0  0  0  0  0  0  0  0  0  0  0  0  0  0  0  0  0  0  0  0  0  0  0  0  9  0  0  0  0  0  0  0  0  0  0  0  0  0  0  0  0  0  0  0  0  0  0  0  0  0  0  0  0  0  0  0  0  0  0  0  0  0  0  0  0  0  0  0  0  0 
 2  0  0  0  0  0  0  0  0  0  0  0  0  0  0  0  0  0  0  0  0  0  0  0  0  0  0  0  0  0  0  0  0  0  0  0  0  0  0  0  0  0  0  0  0  3  0  0  0  0  0  0  0  0  0  0  0  0  0  0  0  0  0  0  0  0  0  0  0  0  0  0  0  0  0  0  0  0  0  0  0  0  0  0  0  0  0  0  0  0  0 
 3  0  0  0  0  0  0  0  0  0  0  0  0  0  0  0  0  0  0  0  0  0  0  0  0  0  0  0  0  0  0  0  0  0  0  0  0  0  0  0  0  0  0  0  0  9  0  0  0  0  0  0  0  0  0  0  0  0  0  0  0  0  0  0  0  0  0  0  0  0  0  0  0  0  0  0  0  0  0  0  0  0  0  0  0  0  0  0  0  0  0 
 4  0  0  0  0  0  0  0  0  0  0  0  0  0  0  0  0  0  0  0  0  0  0  0  0  0  0  0  0  0  0  0  0  0  0  0  0  0  0  0  0  0  0  0  0  9  0  0  0  0  0  0  0  0  0  0  0  0  0  0  0  0  0  0  0  0  0  0  0  0  0  0  0  0  0  0  0  0  0  0  0  0  0  0  0  0  0  0  0  0  0 
 5  0  0  0  0  0  0  0  0  0  0  0  0  0  0  0  0  0  0  0  0  0  0  0  0  0  0  0  0  0  0  0  0  0  0  0  0  0  0  0  0  0  0  0  0  6  0  0  0  0  0  0  0  0  0  0  0  0  0  0  0  0  0  0  0  0  0  0  0  0  0  0  0  0  0  0  0  0  0  0  0  0  0  0  0  0  0  0  0  0  0 
 6  0  0  0  0  0  0  0  0  0  0  0  0  0  0  0  0  0  0  0  0  0  0  0  0  0  0  0  0  0  0  0  0  0  0  0  0  0  0  0  0  0  0  0  0  7  0  0  0  0  0  0  0  0  0  0  0  0  0  0  0  0  0  0  0  0  0  0  0  0  0  0  0  0  0  0  0  0  0  0  0  0  0  0  0  0  0  0  0  0  0 
 7  0  0  0  0  0  0  0  0  0  0  0  0  0  0  0  0  0  0  0  0  0  0  0  0  0  0  0  0  0  0  0  0  0  0  0  0  0  0  0  0  0  0  0  0  1  0  0  0  0  0  0  0  0  0  0  0  0  0  0  0  0  0  0  0  0  0  0  0  0  0  0  0  0  0  0  0  0  0  0  0  0  0  0  0  0  0  0  0  0  0 
 8  0  0  0  0  0  0  0  0  0  0  0  0  0  0  0  0  0  0  0  0  0  0  0  0  0  0  0  0  0  0  0  0  0  0  0  0  0  0  0  0  0  0  0  0  6  0  0  0  0  0  0  0  0  0  0  0  0  0  0  0  0  0  0  0  0  0  0  0  0  0  0  0  0  0  0  0  0  0  0  0  0  0  0  0  0  0  0  0  0  0 
 9  0  0  0  0  0  0  0  0  0  0  0  0  0  0  0  0  0  0  0  0  0  0  0  0  0  0  0  0  0  0  0  0  0  0  0  0  0  0  0  0  0  0  0  0  3  0  0  0  0  0  0  0  0  0  0  0  0  0  0  0  0  0  0  0  0  0  0  0  0  0  0  0  0  0  0  0  0  0  0  0  0  0  0  0  0  0  0  0  0  0 
 10  0  0  0  0  0  0  0  0  0  0  0  0  0  0  0  0  0  0  0  0  0  0  0  0  0  0  0  0  0  0  0  0  0  0  0  0  0  0  0  0  0  0  0  0  7  0  0  0  0  0  0  0  0  0  0  0  0  0  0  0  0  0  0  0  0  0  0  0  0  0  0  0  0  0  0  0  0  0  0  0  0  0  0  0  0  0  0  0  0  0 
 11  0  0  0  0  0  0  0  0  0  0  0  0  0  0  0  0  0  0  0  0  0  0  0  0  0  0  0  0  0  0  0  0  0  0  0  0  0  0  0  0  0  0  0  0  4  0  0  0  0  0  0  0  0  0  0  0  0  0  0  0  0  0  0  0  0  0  0  0  0  0  0  0  0  0  0  0  0  0  0  0  0  0  0  0  0  0  0  0  0  0 
 12  0  0  0  0  0  0  0  0  0  0  0  0  0  0  0  0  0  0  0  0  0  0  0  0  0  0  0  0  0  0  0  0  0  0  0  0  0  0  0  0  0  0  0  0  7  0  0  0  0  0  0  0  0  0  0  0  0  0  0  0  0  0  0  0  0  0  0  0  0  0  0  0  0  0  0  0  0  0  0  0  0  0  0  0  0  0  0  0  0  0 
 13  0  0  0  0  0  0  0  0  0  0  0  0  0  0  0  0  0  0  0  0  0  0  0  0  0  0  0  0  0  0  0  0  0  0  0  0  0  0  0  0  0  0  0  0  12  0  0  0  0  0  0  0  0  0  0  0  0  0  0  0  0  0  0  0  0  0  0  0  0  0  0  0  0  0  0  0  0  0  0  0  0  0  0  0  0  0  0  0  0  0 
 14  0  0  0  0  0  0  0  0  0  0  0  0  0  0  0  0  0  0  0  0  0  0  0  0  0  0  0  0  0  0  0  0  0  0  0  0  0  0  0  0  0  0  0  0  14  0  0  0  0  0  0  0  0  0  0  0  0  0  0  0  0  0  0  0  0  0  0  0  0  0  0  0  0  0  0  0  0  0  0  0  0  0  0  0  0  0  0  0  0  0 
 15  0  0  0  0  0  0  0  0  0  0  0  0  0  0  0  0  0  0  0  0  0  0  0  0  0  0  0  0  0  0  0  0  0  0  0  0  0  0  0  0  0  0  0  0  8  0  0  0  0  0  0  0  0  0  0  0  0  0  0  0  0  0  0  0  0  0  0  0  0  0  0  0  0  0  0  0  0  0  0  0  0  0  0  0  0  0  0  0  0  0 
 16  0  0  0  0  0  0  0  0  0  0  0  0  0  0  0  0  0  0  0  0  0  0  0  0  0  0  0  0  0  0  0  0  0  0  0  0  0  0  0  0  0  0  0  0  3  0  0  0  0  0  0  0  0  0  0  0  0  0  0  0  0  0  0  0  0  0  0  0  0  0  0  0  0  0  0  0  0  0  0  0  0  0  0  0  0  0  0  0  0  0 
 17  0  0  0  0  0  0  0  0  0  0  0  0  0  0  0  0  0  0  0  0  0  0  0  0  0  0  0  0  0  0  0  0  0  0  0  0  0  0  0  0  0  0  0  0  6  0  0  0  0  0  0  0  0  0  0  0  0  0  0  0  0  0  0  0  0  0  0  0  0  0  0  0  0  0  0  0  0  0  0  0  0  0  0  0  0  0  0  0  0  0 
 18  0  0  0  0  0  0  0  0  0  0  0  0  0  0  0  0  0  0  0  0  0  0  0  0  0  0  0  0  0  0  0  0  0  0  0  0  0  0  0  0  0  0  0  0  8  0  0  0  0  0  0  0  0  0  0  0  0  0  0  0  0  0  0  0  0  0  0  0  0  0  0  0  0  0  0  0  0  0  0  0  0  0  0  0  0  0  0  0  0  0 
 19  0  0  0  0  0  0  0  0  0  0  0  0  0  0  0  0  0  0  0  0  0  0  0  0  0  0  0  0  0  0  0  0  0  0  0  0  0  0  0  0  0  0  0  0  16  0  0  0  0  0  0  0  0  0  0  0  0  0  0  0  0  0  0  0  0  0  0  0  0  0  0  0  0  0  0  0  0  0  0  0  0  0  0  0  0  0  0  0  0  0 
 20  0  0  0  0  0  0  0  0  0  0  0  0  0  0  0  0  0  0  0  0  0  0  0  0  0  0  0  0  0  0  0  0  0  0  0  0  0  0  0  0  0  0  0  0  9  0  0  0  0  0  0  0  0  0  0  0  0  0  0  0  0  0  0  0  0  0  0  0  0  0  0  0  0  0  0  0  0  0  0  0  0  0  0  0  0  0  0  0  0  0 
 21  0  0  0  0  0  0  0  0  0  0  0  0  0  0  0  0  0  0  0  0  0  0  0  0  0  0  0  0  0  0  0  0  0  0  0  0  0  0  0  0  0  0  0  0  10  0  0  0  0  0  0  0  0  0  0  0  0  0  0  0  0  0  0  0  0  0  0  0  0  0  0  0  0  0  0  0  0  0  0  0  0  0  0  0  0  0  0  0  0  0 
 22  0  0  0  0  0  0  0  0  0  0  0  0  0  0  0  0  0  0  0  0  0  0  0  0  0  0  0  0  0  0  0  0  0  0  0  0  0  0  0  0  0  0  0  0  20  0  0  0  0  0  0  0  0  0  0  0  0  0  0  0  0  0  0  0  0  0  0  0  0  0  0  0  0  0  0  0  0  0  0  0  0  0  0  0  0  0  0  0  0  0 
 23  0  0  0  0  0  0  0  0  0  0  0  0  0  0  0  0  0  0  0  0  0  0  0  0  0  0  0  0  0  0  0  0  0  0  0  0  0  0  0  0  0  0  0  0  13  0  0  0  0  0  0  0  0  0  0  0  0  0  0  0  0  0  0  0  0  0  0  0  0  0  0  0  0  0  0  0  0  0  0  0  0  0  0  0  0  0  0  0  0  0 
 24  0  0  0  0  0  0  0  0  0  0  0  0  0  0  0  0  0  0  0  0  0  0  0  0  0  0  0  0  0  0  0  0  0  0  0  0  0  0  0  0  0  0  0  0  16  0  0  0  0  0  0  0  0  0  0  0  0  0  0  0  0  0  0  0  0  0  0  0  0  0  0  0  0  0  0  0  0  0  0  0  0  0  0  0  0  0  0  0  0  0 
 25  0  0  0  0  0  0  0  0  0  0  0  0  0  0  0  0  0  0  0  0  0  0  0  0  0  0  0  0  0  0  0  0  0  0  0  0  0  0  0  0  0  0  0  0  13  0  0  0  0  0  0  0  0  0  0  0  0  0  0  0  0  0  0  0  0  0  0  0  0  0  0  0  0  0  0  0  0  0  0  0  0  0  0  0  0  0  0  0  0  0 
 26  0  0  0  0  0  0  0  0  0  0  0  0  0  0  0  0  0  0  0  0  0  0  0  0  0  0  0  0  0  0  0  0  0  0  0  0  0  0  0  0  0  0  0  0  20  0  0  0  0  0  0  0  0  0  0  0  0  0  0  0  0  0  0  0  0  0  0  0  0  0  0  0  0  0  0  0  0  0  0  0  0  0  0  0  0  0  0  0  0  0 
 27  0  0  0  0  0  0  0  0  0  0  0  0  0  0  0  0  0  0  0  0  0  0  0  0  0  0  0  0  0  0  0  0  0  0  0  0  0  0  0  0  0  0  0  0  20  0  0  0  0  0  0  0  0  0  0  0  0  0  0  0  0  0  0  0  0  0  0  0  0  0  0  0  0  0  0  0  0  0  0  0  0  0  0  0  0  0  0  0  0  0 
 28  0  0  0  0  0  0  0  0  0  0  0  0  0  0  0  0  0  0  0  0  0  0  0  0  0  0  0  0  0  0  0  0  0  0  0  0  0  0  0  0  0  0  0  0  21  0  0  0  0  0  0  0  0  0  0  0  0  0  0  0  0  0  0  0  0  0  0  0  0  0  0  0  0  0  0  0  0  0  0  0  0  0  0  0  0  0  0  0  0  0 
 29  0  0  0  0  0  0  0  0  0  0  0  0  0  0  0  0  0  0  0  0  0  0  0  0  0  0  0  0  0  0  0  0  0  0  0  0  0  0  0  0  0  0  0  0  31  0  0  0  0  0  0  0  0  0  0  0  0  0  0  0  0  0  0  0  0  0  0  0  0  0  0  0  0  0  0  0  0  0  0  0  0  0  0  0  0  0  0  0  0  0 
 30  0  0  0  0  0  0  0  0  0  0  0  0  0  0  0  0  0  0  0  0  0  0  0  0  0  0  0  0  0  0  0  0  0  0  0  0  0  0  0  0  0  0  0  0  41  0  0  0  0  0  0  0  0  0  0  0  0  0  0  0  0  0  0  0  0  0  0  0  0  0  0  0  0  0  0  0  0  0  0  0  0  0  0  0  0  0  0  0  0  0 
 31  0  0  0  0  0  0  0  0  0  0  0  0  0  0  0  0  0  0  0  0  0  0  0  0  0  0  0  0  0  0  0  0  0  0  0  0  0  0  0  0  0  0  0  0  66  0  0  0  0  0  0  0  0  0  0  0  0  0  0  0  0  0  0  0  0  0  0  0  0  0  0  0  0  0  0  0  0  0  0  0  0  0  0  0  0  0  0  0  0  0 
 32  0  0  0  0  0  1  0  0  0  0  0  0  0  0  0  1  0  0  0  0  0  0  0  0  0  0  0  0  0  0  0  0  0  0  0  1  0  0  0  0  0  0  0  0  62  0  0  0  1  0  1  0  0  0  0  0  0  1  0  0  0  0  0  0  0  0  0  0  0  0  0  0  0  0  0  0  0  0  0  0  0  0  0  0  0  0  0  0  0  0 
 33  2  2  2  1  2  0  0  1  0  0  0  0  0  0  0  1  1  0  1  0  4  0  0  0  0  0  0  1  1  0  0  3  0  0  0  1  0  0  1  3  2  2  1  0  54  0  1  2  2  1  2  2  0  1  0  0  0  2  0  0  0  0  0  0  0  0  0  0  0  1  0  1  0  0  0  1  1  0  0  0  0  0  2  0  2  1  1  2  0  0 
 34  2  1  4  3  2  3  1  2  3  3  2  3  2  1  1  3  2  2  2  1  0  3  0  0  2  1  0  1  4  1  3  0  0  1  3  3  2  0  1  0  4  1  2  1  70  2  1  3  2  2  3  4  1  2  2  0  0  3  1  0  2  0  0  2  2  1  1  3  1  3  0  3  1  3  2  2  3  2  1  1  0  3  2  1  1  3  2  1  1  3 
 35  4  5  3  4  3  7  1  3  3  4  3  2  4  2  3  2  3  1  1  2  4  5  2  3  4  3  2  4  4  5  3  4  7  1  2  4  5  4  3  4  3  4  4  1  81  5  4  3  1  3  3  1  3  4  4  4  4  3  3  6  4  4  4  5  3  4  3  3  5  3  4  4  4  1  2  4  4  3  3  4  5  1  2  4  4  3  4  4  3  3 
 36  5  4  4  4  3  1  4  3  4  3  4  2  3  3  3  3  7  6  3  2  4  2  3  3  3  6  4  5  6  1  3  2  2  5  1  4  2  3  4  4  2  1  5  5  67  2  3  2  3  3  4  3  3  4  3  4  1  2  3  0  2  3  5  2  3  2  4  2  4  5  3  2  6  6  3  3  2  3  3  3  2  5  5  4  2  6  3  3  4  4 
 37  4  4  6  3  4  7  5  3  3  2  2  5  4  4  5  5  1  2  4  6  8  4  4  3  2  1  3  3  0  4  2  5  4  4  4  3  3  2  3  2  7  3  1  2  50  1  1  3  4  1  1  3  3  1  4  2  6  6  3  3  3  2  2  1  3  2  4  4  2  1  5  4  1  3  5  2  8  3  7  4  5  4  4  1  5  5  5  2  4  3 
 38  5  4  5  9  7  4  2  3  3  4  4  4  7  4  3  10  8  4  5  4  3  4  4  7  4  4  3  3  6  4  6  5  3  3  5  3  5  5  5  2  3  3  5  5  80  7  2  6  4  4  5  3  5  2  3  5  2  6  3  4  2  2  1  8  1  2  3  2  5  8  5  6  6  5  0  7  7  3  2  1  5  3  2  4  5  5  4  6  2  3 
 39  7  9  8  8  5  10  4  7  7  7  10  5  4  6  7  4  6  7  7  6  7  8  5  5  5  7  10  6  7  3  2  5  6  5  3  10  6  1  5  7  8  8  6  1  86  6  7  6  6  5  4  7  3  6  7  6  6  11  8  6  4  8  6  6  8  6  3  4  4  1  2  2  3  7  7  6  4  5  7  8  6  6  5  4  9  6  6  6  6  3 
 40  7  6  6  6  5  5  9  4  8  10  6  10  6  8  6  7  5  7  11  4  10  10  7  6  9  6  6  7  4  8  8  5  5  8  8  10  8  8  7  3  6  8  8  3  120  5  7  7  9  7  11  6  5  7  6  3  8  8  6  9  5  4  7  6  7  4  9  4  7  12  7  8  6  8  4  6  9  7  4  7  7  8  11  3  8  8  8  6  9  7 
 41  10  11  10  8  9  10  5  8  3  5  4  3  6  6  5  8  8  6  7  9  9  5  2  7  7  5  5  8  10  7  9  10  9  7  5  12  9  5  6  9  7  10  8  8  166  8  11  11  15  11  16  9  7  7  8  10  10  15  11  6  10  13  10  9  10  13  9  13  14  13  10  14  10  11  10  8  12  11  18  8  6  11  9  8  7  11  12  13  4  10 
 42  11  11  15  13  14  12  10  8  7  7  8  9  10  6  8  9  12  7  10  4  12  9  13  9  9  8  7  10  17  10  11  16  9  9  14  10  11  8  13  17  20  10  18  12  154  17  11  20  15  11  11  19  20  18  14  13  13  13  9  11  13  10  14  18  15  8  10  13  16  12  10  17  10  9  12  14  17  8  9  13  11  8  8  15  10  9  7  8  12  13 
 43  10  13  15  14  10  14  10  16  15  16  11  15  13  8  10  12  10  11  5  10  9  15  7  9  11  12  15  10  18  12  13  10  20  14  10  20  17  15  14  11  21  22  13  9  291  17  20  11  16  16  22  13  16  14  16  17  15  17  18  19  17  17  13  12  15  20  21  15  9  14  21  11  13  14  13  13  13  16  13  14  15  18  13  7  15  15  15  15  12  7 
 44  15  17  14  13  19  18  15  18  18  15  15  11  13  18  18  18  14  17  21  12  14  13  10  13  14  16  10  18  11  18  18  16  10  19  21  16  18  15  21  20  12  17  19  19  290  18  14  18  16  19  16  16  12  18  17  17  13  11  15  17  17  18  13  19  13  16  11  16  14  14  10  14  13  12  11  16  13  20  14  17  11  10  23  19  19  18  15  17  15  13 
 45  18  17  16  15  18  11  22  15  20  16  18  19  16  14  14  15  14  12  11  17  24  20  16  16  20  15  19  12  16  16  18  19  17  13  16  12  16  22  11  13  12  10  13  20  344  12  13  15  10  14  10  18  17  15  13  16  14  14  14  12  16  12  15  15  12  12  12  14  20  20  20  16  21  23  20  22  13  12  16  11  18  24  17  19  14  18  19  15  19  21 
 46  22  11  21  21  16  19  13  16  11  13  18  17  14  18  17  15  24  16  15  20  13  17  17  23  13  16  21  22  19  19  18  11  17  18  17  11  8  15  16  17  11  14  8  13  521  13  15  14  15  16  18  13  12  11  13  12  16  19  14  13  11  19  19  16  12  10  18  17  9  14  13  17  14  15  25  10  20  16  14  17  16  14  11  13  17  13  13  15  12  26 
 47  22  27  18  21  16  22  24  19  17  22  22  20  20  17  11  16  11  18  16  11  22  19  18  14  18  19  14  15  21  21  21  21  12  15  15  24  19  10  16  18  20  22  20  11  734  17  19  24  23  17  22  21  20  22  21  17  21  28  21  20  24  15  23  21  25  19  20  20  18  20  14  13  15  17  10  22  18  13  19  16  20  16  17  20  18  19  18  19  21  13 
 48  23  21  19  22  26  21  17  21  19  23  16  17  18  18  21  23  30  21  17  22  23  21  19  19  23  16  19  20  15  16  17  18  22  15  18  29  23  28  23  22  28  20  22  21  1033  16  25  22  26  30  22  27  25  25  25  28  23  25  23  24  21  27  20  23  20  25  21  22  33  27  31  26  25  22  19  25  25  28  23  16  20  24  28  12  21  21  27  27  16  12 
 49  32  36  46  35  35  34  26  30  26  28  25  28  33  27  24  39  33  21  29  22  37  33  27  29  30  31  22  34  34  26  32  35  28  25  23  36  28  19  33  27  31  32  33  23  1436  29  23  27  23  20  33  26  22  20  25  17  22  35  24  26  23  22  20  26  27  21  23  19  22  40  30  35  30  33  36  38  31  29  28  33  24  27  32  30  33  30  30  33  32  37 
 50  46  42  46  41  36  44  33  43  40  53  45  38  34  38  41  45  45  41  44  32  45  42  34  39  37  35  53  37  53  41  48  39  37  37  43  47  42  34  31  44  42  47  30  37  909  42  37  39  35  38  44  40  25  38  31  41  32  53  32  31  42  42  32  47  34  31  36  40  42  55  39  47  39  38  33  30  54  34  38  36  34  46  39  37  43  48  39  41  47  43 
 51  57  64  59  68  66  63  52  45  50  48  63  56  52  55  50  56  50  47  49  49  57  58  38  42  53  53  39  45  53  48  53  67  50  51  58  53  46  49  55  52  61  60  50  45  1148  51  60  67  76  53  66  55  51  59  64  63  54  80  60  57  60  60  63  68  65  57  71  70  73  69  57  72  54  58  58  70  68  57  65  47  60  67  63  55  73  66  71  62  46  62 
 52  57  53  55  60  67  58  71  60  66  56  60  52  75  57  65  61  65  76  55  63  68  72  57  75  63  70  69  70  57  67  61  61  55  60  53  74  68  51  58  55  70  56  62  56  1463  56  65  68  50  73  58  71  68  58  60  67  73  68  62  64  72  74  67  67  70  73  63  60  59  56  64  47  67  60  59  65  62  75  63  69  62  49  60  60  61  56  53  57  67  52 
 53  64  75  72  69  71  64  57  70  71  76  69  76  71  75  77  79  68  66  77  69  69  64  76  63  68  62  74  67  79  68  74  75  80  74  60  81  68  73  72  83  80  77  83  69  1535  81  65  69  70  65  77  64  68  76  62  68  70  69  73  68  66  71  69  71  53  55  64  66  71  82  68  67  64  60  62  80  79  72  68  68  66  78  58  58  73  72  77  64  65  56 
 54  93  89  98  102  83  99  82  87  72  95  87  86  81  72  79  94  98  77  78  73  91  95  68  69  88  82  87  72  86  83  104  77  96  69  98  95  88  83  91  96  73  102  85  86  1820  95  92  90  91  78  87  87  78  77  88  87  81  103  79  76  85  82  79  86  97  83  88  88  94  118  94  98  90  88  88  89  95  83  85  89  92  87  99  76  92  99  90  97  89  105 
 55  134  125  135  127  126  131  118  110  116  108  107  105  111  106  93  106  104  96  99  107  121  112  91  113  99  101  117  122  123  103  115  110  109  113  109  128  108  110  102  116  126  118  103  113  1734  107  124  123  106  120  140  120  114  117  99  113  124  162  119  120  116  113  116  124  115  105  104  114  112  131  116  127  110  126  112  120  118  108  127  99  103  115  119  123  125  127  128  132  115  135 
 56  180  188  170  186  174  162  150  137  143  157  168  133  153  136  152  141  169  141  131  146  171  176  142  164  154  154  137  156  162  174  145  172  142  165  142  196  170  140  176  163  177  174  163  137  2427  140  160  166  172  162  183  168  142  152  155  154  145  180  156  147  147  147  136  149  146  145  162  166  177  171  155  151  155  130  156  171  167  152  135  141  138  162  148  125  168  135  155  134  154  147 
 57  232  226  237  225  244  214  198  238  199  252  237  220  220  202  199  239  225  207  217  204  227  211  199  202  228  216  228  236  202  228  232  226  191  205  214  256  212  193  206  223  248  241  207  196  3139  206  225  233  216  223  241  232  199  211  193  220  215  238  203  191  212  229  199  228  213  196  221  201  253  276  241  213  226  196  181  235  228  226  208  200  203  234  219  178  217  211  226  214  229  194 
 58  557  425  544  594  411  381  329  376  277  376  396  323  351  312  283  381  388  271  300  289  394  412  259  280  352  294  447  315  374  352  547  368  317  318  380  595  325  299  351  594  569  635  290  391  2780  392  537  389  337  393  591  521  291  286  293  420  344  609  328  302  340  354  284  327  473  287  334  395  555  668  497  415  404  311  373  456  485  376  347  305  346  451  353  322  371  373  469  367  325  368 
 59  502  570  513  478  588  652  648  584  657  611  624  619  615  630  662  581  593  645  623  602  593  599  616  652  577  649  597  644  680  617  511  636  671  642  654  436  648  669  651  470  490  486  669  621  3427  623  519  642  659  631  484  515  651  675  633  601  627  533  620  626  637  601  655  644  490  638  634  642  463  554  517  649  579  686  656  575  640  635  689  638  661  552  613  681  634  633  549  659  631  649 
 60  633  597  599  634  585  553  577  518  557  555  602  500  582  501  561  516  562  576  476  581  563  625  459  608  501  592  568  594  513  617  578  610  533  623  525  666  609  508  659  591  657  664  564  547  5085  518  637  652  598  606  659  598  521  583  574  630  616  726  623  593  618  605  594  621  623  582  606  580  655  686  602  574  611  529  566  641  549  559  574  535  554  611  563  534  641  568  583  572  555  550 
 61  912  998  872  875  992  815  863  887  822  980  1010  874  840  862  815  910  1003  771  786  782  973  920  767  842  897  841  864  853  700  943  883  849  692  865  826  968  850  715  893  963  899  1025  796  851  6360  740  959  871  847  966  946  966  783  878  807  913  938  958  805  791  848  913  813  856  800  801  913  858  990  1102  967  812  1010  707  742  957  875  901  698  744  765  904  842  668  875  796  910  837  826  809 
 62  1575  1502  1670  1505  1387  1352  1355  1404  1153  1604  1447  1359  1238  1357  1283  1344  1417  1270  1339  1282  1381  1306  1337  1247  1331  1236  1669  1340  1513  1401  1828  1437  1488  1404  1562  1513  1331  1525  1533  1959  1543  2097  1257  1667  7231  1484  1484  1438  1308  1399  1481  1559  1265  1256  1226  1452  1409  1763  1408  1240  1234  1290  1191  1354  1229  1174  1273  1435  1563  1802  1452  1436  1327  1330  1455  1443  1441  1412  1403  1344  1294  1465  1372  1366  1449  1269  1396  1328  1362  1305 
 63  2525  2040  2387  2418  2015  2276  1985  1929  1788  1909  2133  1904  2035  1889  1899  1829  1804  1853  1838  1978  1863  1980  1798  2079  1789  1945  2247  2077  2035  2149  2045  1996  2048  1988  2067  2246  1953  2105  1964  2177  2097  2268  1926  2229  8090  2195  2320  2092  2074  2275  2530  2077  1892  2122  1948  2114  2098  2641  1933  2020  2253  2117  2031  2058  2094  2012  2183  2436  2148  2677  2069  2328  2056  2187  2314  2072  2321  1944  2317  1749  2252  2015  1847  2216  2066  2212  1885  2269  1964  2301 
 64  2846  2777  2675  2818  2826  2791  2838  2734  2772  2897  3104  2685  2956  2530  2897  2673  2960  2832  2445  2744  2757  3076  2443  2961  2561  2972  2715  2992  2650  3104  2751  3133  2677  3100  2814  3128  3124  2657  3196  2796  3249  2693  3020  2619  9953  2597  2908  3080  3130  3062  2781  3110  3107  3044  2789  3178  3158  2765  3154  2937  2922  3092  3126  3053  2949  3096  3111  2861  2843  3053  2842  2660  2697  2485  2695  2984  2989  2849  2669  2400  2605  2741  2526  2434  2806  2587  2839  2652  2738  2623 
 65  2634  2998  2742  2573  2948  2436  2877  3017  2678  3078  2756  2978  2584  3068  2608  2958  3114  2666  3055  2727  3115  2781  3016  2615  3169  2732  2637  2720  2519  2680  2636  2665  2527  2760  2444  2879  2719  2604  2948  2752  2951  3075  2678  2544  8056  2569  2727  2815  2425  2759  2834  2648  2484  2520  2763  2687  2688  2803  2679  2474  2488  2670  2444  2554  2469  2407  2585  2474  2863  2911  3109  2685  2939  2518  2606  2750  2383  2942  2577  3113  2687  2834  3149  2591  2799  2731  3087  2740  2991  2698 
 66  3122  3054  2930  3152  2992  2896  2865  3097  2863  2928  3027  2990  2986  2985  2868  2967  2974  2775  2953  2727  3096  3037  2864  3058  3002  2829  3069  2949  3098  2885  3194  2983  3130  2798  3177  2979  2786  3046  2735  3096  2971  2880  2852  3089  6529  2942  2823  2953  3152  2934  2922  2831  2907  2948  2833  2982  2854  3162  2888  3032  3184  2934  2892  2993  3179  2792  2938  3247  3115  3009  2843  3129  2881  3105  3211  3263  3098  2830  3212  2814  2983  3151  2988  3166  3346  2970  3016  3029  2894  3051 
 67  2999  2539  3070  3194  2729  3098  2745  2677  2669  2842  2816  2619  2835  2615  2681  2689  2962  2769  2568  2727  2807  2910  2653  2750  2785  2873  2903  2692  2873  2811  2858  2759  3013  2799  3000  2998  2820  3057  2886  2946  3045  3088  2871  2906  6256  3141  2987  2818  2741  2890  2890  2990  2783  2780  2678  3059  2832  3278  2902  2716  2747  2872  2885  2811  2836  2863  2841  3065  2556  3356  2986  3156  2440  2984  3073  2684  3135  2842  3073  2621  2960  2638  2640  2925  2612  3086  2776  3111  2802  3011 
 68  2933  2966  2914  2841  2812  2905  2857  2777  2749  2763  2704  2798  3081  2687  2820  2764  2692  2874  2717  2876  2841  2948  2899  3085  2796  2934  2759  3076  3040  2958  2807  3126  2870  3051  2797  3001  3062  2823  3054  2769  3224  2842  3003  2518  6183  2664  2932  3250  2978  3111  2872  2850  3232  3161  3218  3081  3049  2895  3130  2995  3063  3226  3224  3010  3154  3040  3174  2809  2898  3053  2870  2859  3027  2852  2888  2885  2813  3008  2846  2867  2943  2893  2972  2845  2842  3006  3188  3065  2995  3030 
 69  2815  2844  2555  2686  2801  2246  2745  3036  2900  2888  2812  2780  2841  2836  2715  2900  3038  2556  2862  2730  3112  2915  2653  2757  3012  2696  2347  2541  2293  2599  2646  2755  2473  2459  2433  2992  2525  2535  2524  2642  2768  2544  2731  2479  4770  2413  2760  2839  2694  2878  2873  2675  2538  2662  2495  2956  2715  3030  2428  2665  2846  2706  2564  2689  2920  2430  2710  2489  3112  2434  2870  2592  2634  2466  2526  3010  2559  2683  2461  2731  2312  2816  2793  2494  2933  2367  2813  2565  2643  2512 
 70  2064  2332  2175  2555  2462  2649  2518  2421  2504  2393  2403  2596  2343  2431  2478  2455  2326  2518  2446  2509  2318  2414  2436  2320  2485  2615  2498  2396  2639  2311  2484  2201  2684  2433  2597  2244  2471  2642  2241  2375  2473  2184  2555  2539  3872  2729  2247  2084  2317  2101  2244  2182  2579  2356  2431  2201  2172  2294  2566  2397  2287  2349  2572  2304  2367  2653  2282  2512  2044  2443  2439  2378  2376  2615  2518  2454  2439  2521  2599  2563  2523  2504  2443  2524  2514  2584  2506  2407  2663  2427 
 71  2508  2019  2492  2283  2028  2291  1999  2094  2019  2043  1824  1876  2052  1885  1947  1963  2051  1966  2051  1890  2270  2158  2154  1989  2028  1987  2267  2175  2389  1997  2381  2181  2343  2113  2287  2238  2134  2344  2124  2345  2255  2397  2106  2123  3681  2185  2027  2304  2063  2217  2172  2097  2084  2137  2166  2367  2143  2173  2146  2071  2163  2273  2112  2123  2266  2003  2174  2293  2039  2408  2120  2401  1949  2244  2315  2116  2338  2139  2170  2030  2285  2037  2068  2120  1963  2422  2331  2551  2049  2405 
 72  1861  2006  1941  2189  1911  1890  2092  2083  2136  1782  2085  1996  2312  1916  2124  2099  1981  1980  2041  2096  1982  2156  1805  2236  2161  2175  1902  2144  1995  2113  2013  2167  2118  2048  2054  2355  2070  2052  1974  1834  2314  1799  2235  1884  2864  1973  2112  2051  2182  2068  2194  1998  2197  2200  2088  2274  2069  2243  1941  2243  2346  2086  2277  2155  2430  2151  2103  1888  2003  1829  1881  1939  2035  2184  2034  1950  1885  1925  2023  2069  1886  2031  2080  2119  2036  1951  1955  1934  1945  2009 
 73  1611  1818  1583  1765  1889  1676  1832  1829  1855  1879  1884  1776  1888  1759  1733  1804  1898  1945  1748  1806  1950  2125  1674  1836  1868  1992  1609  1724  1681  1644  1737  1747  1736  1817  1668  1857  1823  1740  1727  1612  1909  1600  1928  1569  2341  1736  1691  1696  1629  1683  1755  1701  1742  1716  1715  1781  1641  1756  1813  1670  1719  1788  1816  1663  1830  1757  1718  1700  1921  1701  1898  1643  1722  1644  1655  2007  1713  1886  1586  1891  1543  1971  1832  1565  2019  1567  1983  1681  1839  1580 
 74  1847  1748  1761  1932  1717  1750  1575  1518  1684  1667  1491  1542  1589  1613  1578  1642  1622  1465  1575  1660  1665  1606  1786  1482  1725  1553  1580  1566  1673  1491  1672  1638  1603  1488  1662  1648  1510  1598  1614  1634  1680  1779  1579  1613  2023  1550  1636  1569  1581  1508  1601  1612  1502  1525  1540  1652  1529  1538  1476  1553  1691  1608  1552  1575  1746  1485  1522  1595  1657  1668  1678  1632  1639  1629  1589  1657  1671  1750  1581  1695  1667  1652  1701  1633  1523  1742  1822  1737  1659  1758 
 75  1857  1699  1876  1782  1653  1627  1568  1776  1470  1878  1683  1722  1654  1584  1466  1576  1719  1519  1685  1493  1571  1660  1541  1696  1711  1604  1946  1660  1819  1807  1839  1661  1827  1617  1939  1740  1713  1857  1826  1807  1556  2070  1562  1883  1912  1770  1843  1816  1878  1766  1758  1939  1587  1699  1610  1667  1731  1805  1709  1796  1847  1693  1593  1725  1835  1611  1706  1922  1814  1920  1552  1916  1592  1820  1857  1656  1939  1584  1901  1542  1769  1727  1757  1923  1651  1746  1627  1860  1589  1863 
 76  2023  1955  1804  2079  2014  1910  1983  1845  1876  2024  2173  2142  1676  2061  1915  1871  1983  2046  1868  1955  1781  1892  1939  1832  1867  1828  2038  1968  1895  2263  1710  2014  1794  2136  1964  1942  2069  1918  2224  1967  1811  2170  1721  2113  2465  1949  2178  2179  2210  2076  1990  2308  2085  2126  1953  1968  2300  2002  2092  2037  2105  2126  2107  2144  1961  2132  2229  1923  2005  2123  1936  1963  1819  1759  1876  1800  2044  1962  2004  1704  1996  1878  1842  1871  1756  1902  1690  1747  1963  1846 
 77  2342  2535  1970  1856  2472  2060  2456  2112  2256  2310  2649  2186  2236  2426  2490  2180  2360  2555  2201  2441  2098  2359  2242  2476  2121  2301  2304  2236  2098  2349  2017  2403  2009  2364  2132  2000  2269  2123  2525  2300  2061  2440  2096  2322  2886  2085  2429  2464  2335  2346  2207  2505  2057  2231  2160  2096  2516  2277  2493  2137  2097  2197  2019  2292  1892  2109  2333  2154  2395  2504  2475  2119  2333  1807  2109  2353  2185  2505  2231  2259  2154  2414  2504  1991  2404  2038  2299  2049  2560  2122 
 78  2838  2851  2578  2663  2736  2318  2507  2728  2518  2959  2806  2958  2199  2923  2574  2673  2977  2478  2679  2378  2654  2317  2823  2476  2690  2306  2683  2404  2507  2698  2344  2381  2406  2243  2471  2727  2269  2478  2691  2828  2673  2951  2371  2710  2586  2418  2780  2840  2779  2767  2604  2679  2326  2502  2421  2536  2633  2991  2539  2488  2546  2565  2362  2651  2379  2360  2643  2485  2717  2810  2866  2738  2619  2413  2677  2761  2619  2622  2862  2443  2558  2465  2557  2608  2604  2597  2579  2550  2636  2566 
 79  2737  2598  3157  2997  2892  2929  2864  3168  2700  2905  2840  3188  2716  3062  2796  2956  3073  2972  2932  2852  2961  2843  2770  2984  2989  2839  3454  2943  3196  3054  3277  2915  3350  3224  3338  2858  3071  3417  2950  3413  2843  3419  2898  3305  2315  3464  2876  2983  3123  3028  2882  3080  3289  3121  2648  3027  3085  2981  3044  3142  2918  2986  3157  3176  2829  3229  3038  3421  2745  3608  2863  3167  2635  2773  3169  2826  3408  2919  3140  2671  3022  2869  2890  2862  3080  2978  2730  2999  2963  2974 
 80  3351  3175  3047  2637  3104  3302  3123  2671  2922  2923  3133  2682  3071  2780  3253  2723  2667  3158  2747  2915  2951  3009  3111  3092  2653  3131  3016  2870  3027  3097  3052  3072  3022  2859  2957  2874  2984  3008  3089  3099  3070  3120  3054  3156  2288  2964  3193  3349  3169  3341  3447  3229  3169  3276  3391  3283  3301  3253  3084  3049  3076  3242  3151  3200  2952  3071  3259  2938  2930  3030  3132  3066  3158  2967  3165  3078  2923  3123  3189  3057  3300  2933  3095  3103  3023  3416  3060  3243  3150  3296 
 81  3081  3396  3008  2984  3325  3029  3220  2928  3364  2948  3299  2969  3183  3282  3146  3317  3380  3147  2890  3293  3221  3168  2908  3330  3338  3180  2966  3494  2954  3159  2840  3303  2915  3337  2959  3262  3219  2995  3120  2940  3471  3027  3288  2830  2311  2930  3126  3211  3303  3203  3026  3074  3134  3156  3141  3114  3085  3543  3306  3259  3152  3061  3179  3229  3112  3061  3158  3186  3342  3292  3297  3060  3383  3203  3265  3535  3021  3277  3268  3293  2927  3324  3265  3266  3496  3013  3314  3117  3229  2975 
 82  3081  3142  3214  3010  3408  2780  3282  3614  2982  3655  3271  3632  3194  3141  3021  3073  3368  3099  3425  3088  3306  3211  3419  3307  3026  3171  3464  3175  3061  3380  3376  3254  3218  3221  3231  3167  3280  3345  3401  3475  3345  3212  3172  3231  1763  3248  3277  3065  3045  3070  3216  3308  2993  3042  2785  3261  3026  3019  3250  2983  2953  3103  3066  3187  2961  2935  3023  3109  3284  2839  3485  3121  3020  2718  3015  3321  3117  3362  3046  3094  2888  3218  3275  2700  3359  3003  3272  3005  3446  2916 
 83  3009  3001  3053  2854  2846  3422  2967  3089  3239  3143  2889  3160  2964  3300  3265  3287  3083  3196  3354  3274  3224  2999  3463  2882  3254  3129  3202  2957  3510  2763  3374  2982  3370  3039  3306  2719  2990  3252  2894  3193  2782  3369  3131  3444  2037  3505  2823  2988  3010  2987  2844  2872  3340  3085  3400  2898  3075  2886  3011  3136  3027  3054  3232  2980  2998  3474  3053  3135  2822  3435  2816  3247  3174  3454  3215  2879  3306  2959  3174  3161  3526  2938  2996  3418  2944  3463  3007  3410  3028  3461 
 84  3281  2977  3239  3171  2999  3067  3001  2739  2889  2694  3036  2752  3036  2625  2958  2666  2674  2937  2754  2941  2676  2914  2664  3077  2584  2888  3018  3135  3043  3021  2923  2966  3008  2938  3016  3071  2953  3168  2964  3012  3057  2895  2998  2999  1631  2924  3307  3271  3307  3315  3371  3176  2940  3153  2952  3312  3204  3325  2802  3212  3229  3087  3009  3279  3234  2832  3190  3106  3092  2946  2950  3222  2963  3036  3107  2965  3019  2916  3161  2976  3059  2819  2912  3078  2897  3120  2845  3162  2773  3068 
 85  2831  3085  2717  2910  3155  2982  3223  3054  3251  3075  3238  3064  3207  3096  3191  3097  3167  3264  2969  3222  2949  3334  2997  3248  3072  3289  2835  3060  2599  3235  2801  3094  2749  3218  2727  3077  3201  2653  3193  2865  3225  2815  3209  2756  1478  2925  3038  2859  2780  2738  2973  2833  3192  3004  2992  2830  2768  2984  3316  2920  2756  2955  3073  2878  2769  3319  2846  3056  3041  2906  3292  2773  3103  3065  3081  3275  2830  3235  3013  2973  2791  3230  2951  2995  3294  2823  3219  2793  3381  2784 
 86  2816  2818  2888  2563  2799  2731  3036  3180  2984  3158  2964  3194  3022  3267  3138  3199  3156  3035  3313  3069  3352  2898  3202  2992  3209  3039  2844  3001  2915  2837  2894  3035  2861  2908  2844  2818  2940  2919  2901  2986  3063  3111  3023  2975  1364  2805  2656  3060  2831  3084  2708  2970  2864  2898  2889  2991  3050  2901  2846  2805  2823  2929  2958  2837  2852  2883  3015  2584  2842  3073  2873  2658  2904  2523  2548  2901  2899  2882  2602  3017  2761  2815  3108  2599  2809  2787  2896  2756  2888  2715 
 87  3172  3189  3173  3221  3098  3036  3070  3063  2763  3093  3065  3050  2936  2915  2850  3010  3086  2875  2888  2671  3044  3004  2995  2983  2999  2897  3478  3079  3437  3038  3498  2935  3372  3001  3347  3102  2925  3420  2992  3394  2918  3328  2928  3452  1022  3441  3150  3094  3244  3114  3242  2997  2872  3024  2949  3074  3046  3147  2989  3048  3292  3001  2950  3160  3165  2758  3024  3224  3116  3206  3056  3354  2967  3226  3394  3086  3193  3168  3349  2997  3137  3103  3019  3225  3131  3214  3045  3330  3083  3253 
 88  3455  2930  3302  3223  3143  3314  2946  2908  3056  2967  3019  2918  3042  3030  2986  2945  3073  3030  2902  3094  2917  3054  2900  3111  2904  3019  3067  3010  2961  3108  2911  3026  2987  3071  3136  2983  3057  3065  2983  3284  3330  3224  3080  2955  943  3065  3157  2951  2890  2857  3368  3149  3184  2990  3035  3191  2872  3317  3254  3158  2742  2940  3074  3005  2887  3110  3015  3440  3011  3346  2985  3244  2993  3339  3279  3079  3140  2820  3285  2834  3283  3076  2891  3271  3190  3247  2825  3279  2914  3172 
 89  3159  3318  3305  3120  3223  3406  3493  3247  3409  3335  3401  3333  3601  3176  3428  3155  3089  3366  3260  3441  3221  3435  3323  3595  3199  3484  3000  3498  3080  3388  3152  3571  3136  3499  3082  3378  3531  3157  3533  2869  3409  2973  3612  3156  959  3088  3345  3375  3525  3367  3118  3383  3399  3419  3393  3369  3405  3105  3353  3257  3539  3440  3444  3425  3512  3420  3394  3117  3423  2899  3476  3176  3546  2931  3249  3480  3228  3537  3216  3275  3186  3420  3376  3138  3383  3303  3559  3233  3657  3300 
 90  2764  3175  2795  2875  3121  2847  3085  3327  3257  3178  3051  3349  3026  3431  3240  3465  3274  3202  3451  3162  3301  2968  3335  3005  3391  3066  3080  3258  3175  3100  3059  3050  3048  3209  3053  3121  3121  3054  3020  2986  2970  2859  3106  3142  892  3089  2897  2984  3116  3067  2847  2902  2966  3002  3211  2894  3091  2956  3075  3297  3144  2980  2974  3162  3153  2970  2985  2905  3135  2739  2958  2964  3089  3232  2874  2995  2831  3133  2893  3484  3015  3127  3248  3074  3047  2876  3107  2924  2816  2868 
 91  2993  2770  2907  3000  2918  2932  2785  2943  2601  2964  2833  2909  2829  2847  2647  2857  2912  2830  2883  2828  2854  2848  2892  2886  2837  2797  3194  2638  2744  2840  3093  2697  2867  2695  2957  2705  2722  2842  2718  3250  2790  3035  2719  3110  773  3050  2760  2766  2533  2766  2784  2728  2830  2843  2820  2725  2799  2714  2759  2531  2536  2882  2931  2614  2547  2922  2827  2898  2724  3109  2871  2902  2818  2931  2879  2726  2954  2720  2961  2757  2891  2681  2744  2897  2761  3010  2663  2901  2951  2955 
 92  3140  2803  3165  3037  2699  3228  2912  2780  2863  2775  2805  2829  2888  2891  3091  2838  2830  2856  2862  2834  2866  2849  2758  2838  2850  2943  2781  3016  3154  2860  2914  3076  3209  3004  3022  2797  3021  3225  3025  2804  2924  3002  3097  2956  552  3005  3046  2958  2898  2943  3082  2938  3000  2920  2895  2920  2978  2961  3032  2894  2902  2902  2924  2837  2934  2881  2980  3231  2907  3031  2833  3174  2886  3109  3265  2823  3158  2885  3149  2825  3268  2885  2920  3193  2803  3103  2952  3227  2796  3114 
 93  2967  2926  2830  2868  2972  2870  3104  2888  3435  2824  3312  2938  3105  2862  3127  2915  2884  3208  3002  3306  2946  3038  2980  3191  2900  3112  2786  3122  2927  3133  2681  3021  2765  3091  2784  3233  3099  2768  3117  2838  3081  2780  3016  2695  572  2769  2888  3144  3210  3105  2931  3046  3041  3041  3225  3124  3001  3009  3064  3231  3155  2983  3037  3182  3180  3082  3057  2893  3166  2894  3014  2962  3200  3016  2917  3241  2878  3073  3012  3008  2876  2958  2699  2947  3092  2884  2859  2949  2856  2821 
 94  2651  3003  2833  2874  3052  2604  3025  3180  2612  3248  2944  3173  3023  3180  2895  3123  3252  2991  3055  2674  3092  3178  3103  3076  3141  3024  2900  2897  2596  2986  2914  2889  2745  2973  2813  2859  2898  2785  2889  2961  3112  2769  2902  2881  395  2809  2951  2998  2955  2942  2842  3012  3196  3105  2820  2994  3033  3199  2997  3004  2904  3122  3162  3022  2890  3190  3032  2724  2737  3161  3005  2648  2699  2763  2762  2857  2844  2953  2704  2963  2642  3042  3181  2704  2963  2714  2969  2686  3167  2763 
 95  3379  3132  3111  2978  3172  3124  2860  2980  3024  3115  2896  2973  2729  3102  2819  3040  3112  2706  2894  2993  3223  2826  3059  2774  3029  2783  3308  2990  3345  2903  3479  3106  3223  2899  3183  2897  2970  3298  3005  3562  3097  3698  3041  3500  206  3331  2832  3108  2754  2936  3063  2873  2618  2759  2856  2975  2890  2834  2938  2639  2795  2843  2723  2801  2806  2629  2853  3108  3003  3049  3048  3136  2907  2860  3144  3228  3134  3038  3180  2932  3105  2957  3088  2918  3080  3251  3079  3165  3091  3107 
 96  3757  3172  3985  3988  3080  4068  3032  3014  2903  3037  2965  3133  3279  3043  3132  3133  3022  3080  3122  2853  2945  2869  2968  3313  3099  2984  3526  3312  3689  3213  3324  3126  3750  3228  3727  3254  3242  3671  3131  3218  2963  3243  3208  3477  183  3567  3372  3029  3466  3173  3207  3199  3322  3229  3199  3162  3224  3345  3239  3532  3411  3194  3301  3323  3396  3207  3189  4060  3313  3915  2980  4141  3451  4311  4161  3109  4001  3072  4151  3042  4222  3218  3034  4341  3210  4073  3052  4132  2942  4113 
 97  3014  2854  3081  2982  2889  2803  3591  3150  3348  3104  3675  3046  3584  2961  3450  2940  3104  3670  3132  3561  2992  3677  3080  3639  2955  3603  2964  3753  2768  3915  2846  3795  2858  3870  2840  3813  3769  2947  3893  3023  3914  2899  3729  2704  0  2847  3410  3608  3405  3621  3362  3814  3416  3436  3710  3586  3611  3437  3642  3322  3310  3607  3445  3682  3329  3677  3477  3015  2976  3081  3157  2992  2917  2901  2918  2880  2954  3018  2982  3050  2826  2897  3030  2867  2922  2968  2930  2981  3157  2853 
 98  3021  3928  2798  2795  3957  3112  3184  3705  3429  3871  3277  3791  3177  3821  3323  3785  3835  3183  3783  3520  3862  3322  3923  3111  3760  3313  2825  3088  3012  2988  2865  3143  2976  3056  2964  3028  3120  2935  3182  2851  3313  3185  3097  2963  0  2918  2927  3331  2950  3245  2901  2959  3133  3184  3157  2944  3121  3022  2929  2981  2984  3159  3102  2950  2972  3161  3159  2834  3625  3146  3678  2966  3512  2694  2883  3682  2982  3783  2803  3719  2966  3609  3740  2670  3634  2988  3772  2992  3676  3070 
 99  3129  3080  3121  3102  3103  3000  3054  3157  3224  2851  3010  3172  2849  3146  3008  3214  3161  2985  3108  2872  3199  2864  2831  2929  3220  2933  3277  3040  3237  3026  3338  2931  3153  3005  3184  3177  2962  3199  2966  3403  2926  3296  2993  3304  0  3257  3051  3091  3071  3014  3120  3079  2955  2953  2947  3118  3078  3267  3078  3105  3068  2966  2975  3073  3096  2905  2990  3144  3191  3172  3259  3254  3250  3252  3248  3308  3234  3156  3335  3148  3187  3203  3164  3385  3272  3125  3148  3263  3126  3094 
 100  3386  3086  3572  3565  3100  3377  3068  3012  2778  3264  3162  3017  3254  2982  2983  2886  3080  3129  2902  2927  2961  3236  3065  3317  2924  3142  3525  3132  3278  3311  3331  3178  3426  3296  3435  3139  3270  3507  3202  3310  3082  3197  3190  3351  0  3383  3360  3112  3241  3158  3338  3235  3334  3309  3135  3202  3230  3095  3412  3154  3155  3312  3365  3260  3105  3329  3313  3605  2892  3417  3090  3431  2845  3518  3558  3068  3439  3134  3530  2928  3438  3139  3011  3413  3109  3544  3071  3440  3315  3496 
 101  3008  3073  3051  2985  3025  3158  3293  3112  3375  3086  3249  3087  3347  3192  3459  3222  3032  3282  3321  3328  3102  3266  3293  3205  3153  3275  3032  3469  3203  3332  3015  3436  3199  3369  3194  3215  3358  3175  3381  3080  3504  3253  3413  3156  0  3115  3305  3447  3300  3474  3119  3428  3343  3329  3453  3416  3361  3259  3128  3442  3343  3334  3301  3328  3415  3406  3364  2919  3028  3095  3036  3007  3053  2963  2971  3009  3148  3010  2958  3239  3097  2913  3164  3011  2920  3081  3012  3060  2915  3062 
 102  3011  3410  2821  2923  3405  2948  3213  2929  3462  2954  3117  3090  3013  3345  3127  3404  3358  3159  3010  3438  3394  3033  2890  3199  3479  3175  2902  3038  2906  3053  2958  2981  2943  3014  2822  3229  3056  2827  3007  2886  2961  2844  2987  2976  0  2925  3047  3085  3203  3028  3248  3051  3129  3091  3103  3094  3098  3178  3174  3198  3239  3045  3135  3161  3237  3062  3078  2954  3424  2887  3322  2979  3495  3083  3025  3490  2835  3397  3109  3488  2968  3495  3301  3090  3522  2880  3367  2909  3369  2933 
 103  2950  2968  3191  3063  3048  2844  2959  3521  2881  3359  2919  3346  3126  3029  2884  2937  2991  2936  3230  2866  2970  2930  3348  2982  2927  2869  3036  2843  3016  2976  2992  2926  2965  2958  3065  2762  2843  3147  2912  3091  2799  2902  2899  2900  0  3018  2845  2825  2819  2860  2873  2924  2916  2911  2838  2883  2916  2798  3062  2780  2750  2944  2945  2880  2742  2965  2959  3231  2983  2998  3082  3110  3007  3033  3102  2926  3122  3049  2986  2869  3021  3071  3077  2984  3060  3020  3070  3087  3109  3023 
 104  2888  2831  3106  3050  2763  3337  2816  2808  2979  2886  2803  2847  2647  2980  2946  2976  2852  2902  3037  3009  2883  2955  3125  2751  2939  2938  3161  2971  3321  2958  3268  3042  3349  2969  3297  2959  3064  3233  2999  3175  3064  3357  3002  3341  0  3301  2969  2838  3016  2895  2839  2929  2965  2922  3122  2938  2897  2985  2803  3122  3090  2954  2931  2986  3119  2991  2883  3011  2828  3533  2790  3095  2784  3173  3039  2760  3116  2820  3140  3037  3294  2690  2871  3163  2587  3279  2796  3157  2818  3239 
 105  3519  3068  3015  2870  3371  2765  3054  2820  2911  3130  3208  2792  3074  2704  3046  2830  3086  3017  2707  2890  3120  2953  2583  3104  2740  2978  3410  3315  2915  3461  2934  3300  2997  3221  3043  3523  3121  3369  3479  3190  3424  3202  3114  2900  0  2884  3261  3565  3259  3542  3515  3521  3131  3247  3022  3516  3576  3471  3519  3063  3089  3183  3081  3509  3101  2943  3273  3383  3037  2727  3333  3385  3051  2979  3424  3396  3313  3150  3345  2959  2905  3116  3049  3010  3476  2960  3035  3311  3280  2977 
 106  2682  3297  3071  3302  3034  3261  3365  3393  3474  2729  3173  3386  3390  3414  3278  3305  3089  3396  3338  3508  2917  3355  3171  3314  3484  3430  2647  2873  2998  2886  3025  2815  2999  3089  2915  2723  3243  2656  2747  2677  2487  2373  3111  3061  0  3088  3129  2704  3145  2744  2838  2895  3380  3182  3423  2847  2875  2529  2838  3350  3282  3220  3458  2902  3288  3504  3171  2659  3332  2347  3046  2658  3448  3131  2563  2976  2677  3248  2661  3477  3115  3348  3339  3041  2993  3069  3317  2660  3138  2998 
 107  2194  2501  2362  2333  2437  2645  2640  2546  2851  2753  2466  2558  2688  2709  2902  2719  2252  2756  2881  2737  2577  2575  3157  2494  2507  2676  2560  2726  2840  2447  2661  2650  2725  2544  2751  2361  2429  2628  2457  2473  2632  2639  2744  2682  0  2759  2454  2426  2249  2444  2396  2245  2342  2411  2594  2229  2385  2433  2497  2436  2380  2397  2318  2294  2404  2484  2363  2464  2551  2543  2465  2432  2684  2619  2387  2348  2396  2578  2283  2711  2663  2594  2558  2629  2400  2474  2613  2424  2496  2596 
 108  2614  2368  2612  2651  2386  2407  2327  2544  2373  2524  2387  2611  2309  2350  2169  2525  2627  2284  2434  2338  2489  2291  2437  2443  2540  2199  2713  2416  2683  2449  2695  2273  2710  2387  2619  2476  2424  2705  2424  2686  2156  2526  2282  2688  0  2681  2458  2410  2671  2432  2510  2553  2552  2473  2475  2607  2475  2331  2388  2531  2665  2470  2507  2621  2697  2520  2451  2597  2427  2370  2441  2782  2439  2744  2792  2573  2795  2414  2824  2457  2782  2429  2358  2710  2484  2789  2365  2829  2385  2680 
 109  2341  2280  2548  2549  2286  2519  2403  2257  2492  2151  2329  2222  2516  2547  2560  2287  2295  2581  2337  2590  2285  2384  2312  2332  2367  2587  2346  2222  2344  2356  2309  2309  2377  2415  2364  2361  2319  2306  2264  2184  2366  2276  2432  2240  0  2373  2552  2446  2575  2517  2501  2550  2805  2747  2426  2555  2585  3295  2446  2751  2599  2679  2786  2529  2572  2879  2716  2391  2241  3631  2253  2116  2382  2460  2180  2151  2352  2284  2175  2465  2177  2370  2405  2389  2281  2055  2328  2056  2343  2197 
 110  3492  3162  2259  2051  3488  2387  2397  2163  2495  3314  3769  2217  2358  2048  2372  2112  3030  2314  2353  2427  2405  2803  2365  3195  2101  2352  2658  2940  2223  3846  2171  3197  2124  2812  2240  3407  2637  2545  3676  3630  2958  2728  2829  2315  0  2201  2779  3333  2398  3666  3253  3425  2025  2168  2523  3481  3254  1312  2854  2101  2089  2597  2221  2915  2123  2029  2836  2870  3224  3  3778  3371  2421  2155  3311  3801  3412  3716  3685  2476  2275  2493  2368  2161  3726  2982  2743  3511  3469  2311 
 111  355  1444  2222  2812  965  3425  2758  2994  3835  892  355  2706  3257  3274  3504  3575  972  3518  3840  3614  2264  2002  3849  1396  3343  3167  1713  1970  3156  414  2838  1489  3019  1884  2695  666  2404  1896  478  29  0  0  2222  2594  0  2950  1523  0  1919  201  1052  539  2998  2503  3495  146  880  0  1543  3158  2953  1675  2344  1287  3037  3183  1341  1354  1493  0  153  673  3449  3856  752  0  454  615  203  3877  3020  2555  2740  3578  471  1661  1954  611  965  2666 
 112  0  0  0  0  0  27  0  0  6  0  0  0  0  0  0  0  0  0  16  0  0  0  6  0  0  0  0  0  0  0  0  0  0  0  0  0  0  0  0  0  0  0  0  0  0  0  0  0  1  0  1  0  0  0  7  0  0  0  0  1  0  0  0  0  0  1  0  0  0  0  0  0  0  67  0  0  0  0  0  67  0  0  0  3  0  0  0  0  0  0 
 113  0  0  0  0  0  0  0  0  0  0  0  0  0  0  0  0  0  0  0  0  0  0  0  0  0  0  0  0  0  0  0  0  0  0  0  0  0  0  0  0  0  0  0  0  0  0  0  0  0  0  0  0  0  0  0  0  0  0  0  0  0  0  0  0  0  0  0  0  0  0  0  0  0  0  0  0  0  0  0  0  0  0  0  0  0  0  0  0  0  0 
 114  0  0  0  0  0  0  0  0  0  0  0  0  0  0  0  0  0  0  0  0  0  0  0  0  0  0  0  0  0  0  0  0  0  0  0  0  0  0  0  0  0  0  0  0  0  0  0  0  0  0  0  0  0  0  0  0  0  0  0  0  0  0  0  0  0  0  0  0  0  0  0  0  0  0  0  0  0  0  0  0  0  0  0  0  0  0  0  0  0  0 
 115  0  0  0  0  0  0  0  0  0  0  0  0  0  0  0  0  0  0  0  0  0  0  0  0  0  0  0  0  0  0  0  0  0  0  0  0  0  0  0  0  0  0  0  0  0  0  0  0  0  0  0  0  0  0  0  0  0  0  0  0  0  0  0  0  0  0  0  0  0  0  0  0  0  0  0  0  0  0  0  0  0  0  0  0  0  0  0  0  0  0 
 116  0  0  0  0  0  0  0  0  0  0  0  0  0  0  0  0  0  0  0  0  0  0  0  0  0  0  0  0  0  0  0  0  0  0  0  0  0  0  0  0  0  0  0  0  0  0  0  0  0  0  0  0  0  0  0  0  0  0  0  0  0  0  0  0  0  0  0  0  0  0  0  0  0  0  0  0  0  0  0  0  0  0  0  0  0  0  0  0  0  0 
 117  0  0  0  0  0  0  0  0  0  0  0  0  0  0  0  0  0  0  0  0  0  0  0  0  0  0  0  0  0  0  0  0  0  0  0  0  0  0  0  0  0  0  0  0  0  0  0  0  0  0  0  0  0  0  0  0  0  0  0  0  0  0  0  0  0  0  0  0  0  0  0  0  0  0  0  0  0  0  0  0  0  0  0  0  0  0  0  0  0  0 
 118  0  0  0  0  0  0  0  0  0  0  0  0  0  0  0  0  0  0  0  0  0  0  0  0  0  0  0  0  0  0  0  0  0  0  0  0  0  0  0  0  0  0  0  0  0  0  0  0  0  0  0  0  0  0  0  0  0  0  0  0  0  0  0  0  0  0  0  0  0  0  0  0  0  0  0  0  0  0  0  0  0  0  0  0  0  0  0  0  0  0 
 119  0  0  0  0  0  0  0  0  0  0  0  0  0  0  0  0  0  0  0  0  0  0  0  0  0  0  0  0  0  0  0  0  0  0  0  0  0  0  0  0  0  0  0  0  0  0  0  0  0  0  0  0  0  0  0  0  0  0  0  0  0  0  0  0  0  0  0  0  0  0  0  0  0  0  0  0  0  0  0  0  0  0  0  0  0  0  0  0  0  0 
 120  0  0  0  0  0  0  0  0  0  0  0  0  0  0  0  0  0  0  0  0  0  0  0  0  0  0  0  0  0  0  0  0  0  0  0  0  0  0  0  0  0  0  0  0  0  0  0  0  0  0  0  0  0  0  0  0  0  0  0  0  0  0  0  0  0  0  0  0  0  0  0  0  0  0  0  0  0  0  0  0  0  0  0  0  0  0  0  0  0  0 
 121  0  0  0  0  0  0  0  0  0  0  0  0  0  0  0  0  0  0  0  0  0  0  0  0  0  0  0  0  0  0  0  0  0  0  0  0  0  0  0  0  0  0  0  0  0  0  0  0  0  0  0  0  0  0  0  0  0  0  0  0  0  0  0  0  0  0  0  0  0  0  0  0  0  0  0  0  0  0  0  0  0  0  0  0  0  0  0  0  0  0 
 122  0  0  0  0  0  0  0  0  0  0  0  0  0  0  0  0  0  0  0  0  0  0  0  0  0  0  0  0  0  0  0  0  0  0  0  0  0  0  0  0  0  0  0  0  0  0  0  0  0  0  0  0  0  0  0  0  0  0  0  0  0  0  0  0  0  0  0  0  0  0  0  0  0  0  0  0  0  0  0  0  0  0  0  0  0  0  0  0  0  0 
 123  0  0  0  0  0  0  0  0  0  0  0  0  0  0  0  0  0  0  0  0  0  0  0  0  0  0  0  0  0  0  0  0  0  0  0  0  0  0  0  0  0  0  0  0  0  0  0  0  0  0  0  0  0  0  0  0  0  0  0  0  0  0  0  0  0  0  0  0  0  0  0  0  0  0  0  0  0  0  0  0  0  0  0  0  0  0  0  0  0  0 
 124  0  0  0  0  0  0  0  0  0  0  0  0  0  0  0  0  0  0  0  0  0  0  0  0  0  0  0  0  0  0  0  0  0  0  0  0  0  0  0  0  0  0  0  0  0  0  0  0  0  0  0  0  0  0  0  0  0  0  0  0  0  0  0  0  0  0  0  0  0  0  0  0  0  0  0  0  0  0  0  0  0  0  0  0  0  0  0  0  0  0 
 125  0  0  0  0  0  0  0  0  0  0  0  0  0  0  0  0  0  0  0  0  0  0  0  0  0  0  0  0  0  0  0  0  0  0  0  0  0  0  0  0  0  0  0  0  0  0  0  0  0  0  0  0  0  0  0  0  0  0  0  0  0  0  0  0  0  0  0  0  0  0  0  0  0  0  0  0  0  0  0  0  0  0  0  0  0  0  0  0  0  0 
 126  0  0  0  0  0  0  0  0  0  0  0  0  0  0  0  0  0  0  0  0  0  0  0  0  0  0  0  0  0  0  0  0  0  0  0  0  0  0  0  0  0  0  0  0  0  0  0  0  0  0  0  0  0  0  0  0  0  0  0  0  0  0  0  0  0  0  0  0  0  0  0  0  0  0  0  0  0  0  0  0  0  0  0  0  0  0  0  0  0  0 
 127  0  0  0  0  0  0  0  0  0  0  0  0  0  0  0  0  0  0  0  0  0  0  0  0  0  0  0  0  0  0  0  0  0  0  0  0  0  0  0  0  0  0  0  0  0  0  0  0  0  0  0  0  0  0  0  0  0  0  0  0  0  0  0  0  0  0  0  0  0  0  0  0  0  0  0  0  0  0  0  0  0  0  0  0  0  0  0  0  0  0 
 128  0  0  0  0  0  0  0  0  0  0  0  0  0  0  0  0  0  0  0  0  0  0  0  0  0  0  0  0  0  0  0  0  0  0  0  0  0  0  0  0  0  0  0  0  0  0  0  0  0  0  0  0  0  0  0  0  0  0  0  0  0  0  0  0  0  0  0  0  0  0  0  0  0  0  0  0  0  0  0  0  0  0  0  0  0  0  0  0  0  0 
 129  0  0  0  0  0  0  0  0  0  0  0  0  0  0  0  0  0  0  0  0  0  0  0  0  0  0  0  0  0  0  0  0  0  0  0  0  0  0  0  0  0  0  0  0  0  0  0  0  0  0  0  0  0  0  0  0  0  0  0  0  0  0  0  0  0  0  0  0  0  0  0  0  0  0  0  0  0  0  0  0  0  0  0  0  0  0  0  0  0  0 
 130  0  0  0  0  0  0  0  0  0  0  0  0  0  0  0  0  0  0  0  0  0  0  0  0  0  0  0  0  0  0  0  0  0  0  0  0  0  0  0  0  0  0  0  0  0  0  0  0  0  0  0  0  0  0  0  0  0  0  0  0  0  0  0  0  0  0  0  0  0  0  0  0  0  0  0  0  0  0  0  0  0  0  0  0  0  0  0  0  0  0 
 131  0  0  0  0  0  0  0  0  0  0  0  0  0  0  0  0  0  0  0  0  0  0  0  0  0  0  0  0  0  0  0  0  0  0  0  0  0  0  0  0  0  0  0  0  0  0  0  0  0  0  0  0  0  0  0  0  0  0  0  0  0  0  0  0  0  0  0  0  0  0  0  0  0  0  0  0  0  0  0  0  0  0  0  0  0  0  0  0  0  0 
 132  0  0  0  0  0  0  0  0  0  0  0  0  0  0  0  0  0  0  0  0  0  0  0  0  0  0  0  0  0  0  0  0  0  0  0  0  0  0  0  0  0  0  0  0  0  0  0  0  0  0  0  0  0  0  0  0  0  0  0  0  0  0  0  0  0  0  0  0  0  0  0  0  0  0  0  0  0  0  0  0  0  0  0  0  0  0  0  0  0  0 
 133  0  0  0  0  0  0  0  0  0  0  0  0  0  0  0  0  0  0  0  0  0  0  0  0  0  0  0  0  0  0  0  0  0  0  0  0  0  0  0  0  0  0  0  0  0  0  0  0  0  0  0  0  0  0  0  0  0  0  0  0  0  0  0  0  0  0  0  0  0  0  0  0  0  0  0  0  0  0  0  0  0  0  0  0  0  0  0  0  0  0 
 134  0  0  0  0  0  0  0  0  0  0  0  0  0  0  0  0  0  0  0  0  0  0  0  0  0  0  0  0  0  0  0  0  0  0  0  0  0  0  0  0  0  0  0  0  0  0  0  0  0  0  0  0  0  0  0  0  0  0  0  0  0  0  0  0  0  0  0  0  0  0  0  0  0  0  0  0  0  0  0  0  0  0  0  0  0  0  0  0  0  0 
 135  0  0  0  0  0  0  0  0  0  0  0  0  0  0  0  0  0  0  0  0  0  0  0  0  0  0  0  0  0  0  0  0  0  0  0  0  0  0  0  0  0  0  0  0  0  0  0  0  0  0  0  0  0  0  0  0  0  0  0  0  0  0  0  0  0  0  0  0  0  0  0  0  0  0  0  0  0  0  0  0  0  0  0  0  0  0  0  0  0  0 
 136  0  0  0  0  0  0  0  0  0  0  0  0  0  0  0  0  0  0  0  0  0  0  0  0  0  0  0  0  0  0  0  0  0  0  0  0  0  0  0  0  0  0  0  0  0  0  0  0  0  0  0  0  0  0  0  0  0  0  0  0  0  0  0  0  0  0  0  0  0  0  0  0  0  0  0  0  0  0  0  0  0  0  0  0  0  0  0  0  0  0 
 137  0  0  0  0  0  0  0  0  0  0  0  0  0  0  0  0  0  0  0  0  0  0  0  0  0  0  0  0  0  0  0  0  0  0  0  0  0  0  0  0  0  0  0  0  0  0  0  0  0  0  0  0  0  0  0  0  0  0  0  0  0  0  0  0  0  0  0  0  0  0  0  0  0  0  0  0  0  0  0  0  0  0  0  0  0  0  0  0  0  0 
 138  0  0  0  0  0  0  0  0  0  0  0  0  0  0  0  0  0  0  0  0  0  0  0  0  0  0  0  0  0  0  0  0  0  0  0  0  0  0  0  0  0  0  0  0  0  0  0  0  0  0  0  0  0  0  0  0  0  0  0  0  0  0  0  0  0  0  0  0  0  0  0  0  0  0  0  0  0  0  0  0  0  0  0  0  0  0  0  0  0  0 
 139  0  0  0  0  0  0  0  0  0  0  0  0  0  0  0  0  0  0  0  0  0  0  0  0  0  0  0  0  0  0  0  0  0  0  0  0  0  0  0  0  0  0  0  0  0  0  0  0  0  0  0  0  0  0  0  0  0  0  0  0  0  0  0  0  0  0  0  0  0  0  0  0  0  0  0  0  0  0  0  0  0  0  0  0  0  0  0  0  0  0 
 140  0  0  0  0  0  0  0  0  0  0  0  0  0  0  0  0  0  0  0  0  0  0  0  0  0  0  0  0  0  0  0  0  0  0  0  0  0  0  0  0  0  0  0  0  0  0  0  0  0  0  0  0  0  0  0  0  0  0  0  0  0  0  0  0  0  0  0  0  0  0  0  0  0  0  0  0  0  0  0  0  0  0  0  0  0  0  0  0  0  0 
 141  0  0  0  0  0  0  0  0  0  0  0  0  0  0  0  0  0  0  0  0  0  0  0  0  0  0  0  0  0  0  0  0  0  0  0  0  0  0  0  0  0  0  0  0  0  0  0  0  0  0  0  0  0  0  0  0  0  0  0  0  0  0  0  0  0  0  0  0  0  0  0  0  0  0  0  0  0  0  0  0  0  0  0  0  0  0  0  0  0  0 
 142  0  0  0  0  0  0  0  0  0  0  0  0  0  0  0  0  0  0  0  0  0  0  0  0  0  0  0  0  0  0  0  0  0  0  0  0  0  0  0  0  0  0  0  0  0  0  0  0  0  0  0  0  0  0  0  0  0  0  0  0  0  0  0  0  0  0  0  0  0  0  0  0  0  0  0  0  0  0  0  0  0  0  0  0  0  0  0  0  0  0 
 143  0  0  0  0  0  0  0  0  0  0  0  0  0  0  0  0  0  0  0  0  0  0  0  0  0  0  0  0  0  0  0  0  0  0  0  0  0  0  0  0  0  0  0  0  0  0  0  0  0  0  0  0  0  0  0  0  0  0  0  0  0  0  0  0  0  0  0  0  0  0  0  0  0  0  0  0  0  0  0  0  0  0  0  0  0  0  0  0  0  0 
 144  0  0  0  0  0  0  0  0  0  0  0  0  0  0  0  0  0  0  0  0  0  0  0  0  0  0  0  0  0  0  0  0  0  0  0  0  0  0  0  0  0  0  0  0  0  0  0  0  0  0  0  0  0  0  0  0  0  0  0  0  0  0  0  0  0  0  0  0  0  0  0  0  0  0  0  0  0  0  0  0  0  0  0  0  0  0  0  0  0  0 
 145  0  0  0  0  0  0  0  0  0  0  0  0  0  0  0  0  0  0  0  0  0  0  0  0  0  0  0  0  0  0  0  0  0  0  0  0  0  0  0  0  0  0  0  0  0  0  0  0  0  0  0  0  0  0  0  0  0  0  0  0  0  0  0  0  0  0  0  0  0  0  0  0  0  0  0  0  0  0  0  0  0  0  0  0  0  0  0  0  0  0 
 146  0  0  0  0  0  0  0  0  0  0  0  0  0  0  0  0  0  0  0  0  0  0  0  0  0  0  0  0  0  0  0  0  0  0  0  0  0  0  0  0  0  0  0  0  0  0  0  0  0  0  0  0  0  0  0  0  0  0  0  0  0  0  0  0  0  0  0  0  0  0  0  0  0  0  0  0  0  0  0  0  0  0  0  0  0  0  0  0  0  0 
 147  0  0  0  0  0  0  0  0  0  0  0  0  0  0  0  0  0  0  0  0  0  0  0  0  0  0  0  0  0  0  0  0  0  0  0  0  0  0  0  0  0  0  0  0  0  0  0  0  0  0  0  0  0  0  0  0  0  0  0  0  0  0  0  0  0  0  0  0  0  0  0  0  0  0  0  0  0  0  0  0  0  0  0  0  0  0  0  0  0  0 
 148  0  0  0  0  0  0  0  0  0  0  0  0  0  0  0  0  0  0  0  0  0  0  0  0  0  0  0  0  0  0  0  0  0  0  0  0  0  0  0  0  0  0  0  0  0  0  0  0  0  0  0  0  0  0  0  0  0  0  0  0  0  0  0  0  0  0  0  0  0  0  0  0  0  0  0  0  0  0  0  0  0  0  0  0  0  0  0  0  0  0 
 149  0  0  0  0  0  0  0  0  0  0  0  0  0  0  0  0  0  0  0  0  0  0  0  0  0  0  0  0  0  0  0  0  0  0  0  0  0  0  0  0  0  0  0  0  0  0  0  0  0  0  0  0  0  0  0  0  0  0  0  0  0  0  0  0  0  0  0  0  0  0  0  0  0  0  0  0  0  0  0  0  0  0  0  0  0  0  0  0  0  0 
 150  0  0  0  0  0  0  0  0  0  0  0  0  0  0  0  0  0  0  0  0  0  0  0  0  0  0  0  0  0  0  0  0  0  0  0  0  0  0  0  0  0  0  0  0  0  0  0  0  0  0  0  0  0  0  0  0  0  0  0  0  0  0  0  0  0  0  0  0  0  0  0  0  0  0  0  0  0  0  0  0  0  0  0  0  0  0  0  0  0  0 
