 0  0  0  0  0  0  0  0  0  0  0  0  0  0  0  0  0  0  0  0  0  0  0  0  0  0  0  0  0  0  0  0  0  0  0  0  0  0  0  0  0  0  0  0  0  0  0  0  0  0  0  0  0  0  0  0  0  0  0  0  0  0  0  0  0  0  0  0  0  0  0  0  0  0  0  0  0  0  0  0  0  0  0  0  0  0  0  0  0  0  0 
 1  0  0  0  0  0  0  0  0  0  0  0  0  0  0  0  0  0  0  0  0  0  0  0  0  0  0  0  0  0  0  0  0  0  0  0  0  0  0  0  0  0  0  0  0  0  0  0  0  0  0  0  0  0  0  0  0  0  0  0  0  0  0  0  0  0  0  0  0  0  0  0  0  0  0  0  0  0  0  0  0  0  0  0  0  0  0  0  0  0  0 
 2  0  0  0  0  0  0  0  0  0  0  0  0  0  0  0  0  0  0  0  0  0  0  0  0  0  0  0  0  0  0  0  0  0  0  0  0  0  0  0  0  0  0  0  0  0  0  0  0  0  0  0  0  0  0  0  0  0  0  0  0  0  0  0  0  0  0  0  0  0  0  0  0  0  0  0  0  0  0  0  0  0  0  0  0  0  0  0  0  0  0 
 3  0  0  0  0  0  0  0  0  0  0  0  0  0  0  0  0  0  0  0  0  0  0  0  0  0  0  0  0  0  0  0  0  0  0  0  0  0  0  0  0  0  0  0  0  0  0  0  0  0  0  0  0  0  0  0  0  0  0  0  0  0  0  0  0  0  0  0  0  0  0  0  0  0  0  0  0  0  0  0  0  0  0  0  0  0  0  0  0  0  0 
 4  0  0  0  0  0  0  0  0  0  0  0  0  0  0  0  0  0  0  0  0  0  0  0  0  0  0  0  0  0  0  0  0  0  0  0  0  0  0  0  0  0  0  0  0  0  0  0  0  0  0  0  0  0  0  0  0  0  0  0  0  0  0  0  0  0  0  0  0  0  0  0  0  0  0  0  0  0  0  0  0  0  0  0  0  0  0  0  0  0  0 
 5  0  0  0  0  0  0  0  0  0  0  0  0  0  0  0  0  0  0  0  0  0  0  0  0  0  0  0  0  0  0  0  0  0  0  0  0  0  0  0  0  0  0  0  0  0  0  0  0  0  0  0  0  0  0  0  0  0  0  0  0  0  0  0  0  0  0  0  0  0  0  0  0  0  0  0  0  0  0  0  0  0  0  0  0  0  0  0  0  0  0 
 6  0  0  0  0  0  0  0  0  0  0  0  0  0  0  0  0  0  0  0  0  0  0  0  0  0  0  0  0  0  0  0  0  0  0  0  0  0  0  0  0  0  0  0  0  0  0  0  0  0  0  0  0  0  0  0  0  0  0  0  0  0  0  0  0  0  0  0  0  0  0  0  0  0  0  0  0  0  0  0  0  0  0  0  0  0  0  0  0  0  0 
 7  0  0  0  0  0  0  0  0  0  0  0  0  0  0  0  0  0  0  0  0  0  0  0  0  0  0  0  0  0  0  0  0  0  0  0  0  0  0  0  0  0  0  0  0  0  0  0  0  0  0  0  0  0  0  0  0  0  0  0  0  0  0  0  0  0  0  0  0  0  0  0  0  0  0  0  0  0  0  0  0  0  0  0  0  0  0  0  0  0  0 
 8  0  0  0  0  0  0  0  0  0  0  0  0  0  0  0  0  0  0  0  0  0  0  0  0  0  0  0  0  0  0  0  0  0  0  0  0  0  0  0  0  0  0  0  0  0  0  0  0  0  0  0  0  0  0  0  0  0  0  0  0  0  0  0  0  0  0  0  0  0  0  0  0  0  0  0  0  0  0  0  0  0  0  0  0  0  0  0  0  0  0 
 9  0  0  0  0  0  0  0  0  0  0  0  0  0  0  0  0  0  0  0  0  0  0  0  0  0  0  0  0  0  0  0  0  0  0  0  0  0  0  0  0  0  0  0  0  0  0  0  0  0  0  0  0  0  0  0  0  0  0  0  0  0  0  0  0  0  0  0  0  0  0  0  0  0  0  0  0  0  0  0  0  0  0  0  0  0  0  0  0  0  0 
 10  0  0  0  0  0  0  0  0  0  0  0  0  0  0  0  0  0  0  0  0  0  0  0  0  0  0  0  0  0  0  0  0  0  0  0  0  0  0  0  0  0  0  0  0  0  0  0  0  0  0  0  0  0  0  0  0  0  0  0  0  0  0  0  0  0  0  0  0  0  0  0  0  0  0  0  0  0  0  0  0  0  0  0  0  0  0  0  0  0  0 
 11  0  0  0  0  0  0  0  0  0  0  0  0  0  0  0  0  0  0  0  0  0  0  0  0  0  0  0  0  0  0  0  0  0  0  0  0  0  0  0  0  0  0  0  0  0  0  0  0  0  0  0  0  0  0  0  0  0  0  0  0  0  0  0  0  0  0  0  0  0  0  0  0  0  0  0  0  0  0  0  0  0  0  0  0  0  0  0  0  0  0 
 12  0  0  0  0  0  0  0  0  0  0  0  0  0  0  0  0  0  0  0  0  0  0  0  0  0  0  0  0  0  0  0  0  0  0  0  0  0  0  0  0  0  0  0  0  0  0  0  0  0  0  0  0  0  0  0  0  0  0  0  0  0  0  0  0  0  0  0  0  0  0  0  0  0  0  0  0  0  0  0  0  0  0  0  0  0  0  0  0  0  0 
 13  0  0  0  0  0  0  0  0  0  0  0  0  0  0  0  0  0  0  0  0  0  0  0  0  0  0  0  0  0  0  0  0  0  0  0  0  0  0  0  0  0  0  0  0  0  0  0  0  0  0  0  0  0  0  0  0  0  0  0  0  0  0  0  0  0  0  0  0  0  0  0  0  0  0  0  0  0  0  0  0  0  0  0  0  0  0  0  0  0  0 
 14  0  0  0  0  0  0  0  0  0  0  0  0  0  0  0  0  0  0  0  0  0  0  0  0  0  0  0  0  0  0  0  0  0  0  0  0  0  0  0  0  0  0  0  0  0  0  0  0  0  0  0  0  0  0  0  0  0  0  0  0  0  0  0  0  0  0  0  0  0  0  0  0  0  0  0  0  0  0  0  0  0  0  0  0  0  0  0  0  0  0 
 15  0  0  0  0  0  0  0  0  0  0  0  0  0  0  0  0  0  0  0  0  0  0  0  0  0  0  0  0  0  0  0  0  0  0  0  0  0  0  0  0  0  0  0  0  0  0  0  0  0  0  0  0  0  0  0  0  0  0  0  0  0  0  0  0  0  0  0  0  0  0  0  0  0  0  0  0  0  0  0  0  0  0  0  0  0  0  0  0  0  0 
 16  0  0  0  0  0  0  0  0  0  0  0  0  0  0  0  0  0  0  0  0  0  0  0  0  0  0  0  0  0  0  0  0  0  0  0  0  0  0  0  0  0  0  0  0  0  0  0  0  0  0  0  0  0  0  0  0  0  0  0  0  0  0  0  0  0  0  0  0  0  0  0  0  0  0  0  0  0  0  0  0  0  0  0  0  0  0  0  0  0  0 
 17  0  0  0  0  0  0  0  0  0  0  0  0  0  0  0  0  0  0  0  0  0  0  0  0  0  0  0  0  0  0  0  0  0  0  0  0  0  0  0  0  0  0  0  0  0  0  0  0  0  0  0  0  0  0  0  0  0  0  0  0  0  0  0  0  0  0  0  0  0  0  0  0  0  0  0  0  0  0  0  0  0  0  0  0  0  0  0  0  0  0 
 18  0  0  0  0  0  0  0  0  0  0  0  0  0  0  0  0  0  0  0  0  0  0  0  0  0  0  0  0  0  0  0  0  0  0  0  0  0  0  0  0  0  0  0  0  0  0  0  0  0  0  0  0  0  0  0  0  0  0  0  0  0  0  0  0  0  0  0  0  0  0  0  0  0  0  0  0  0  0  0  0  0  0  0  0  0  0  0  0  0  0 
 19  0  0  0  0  0  0  0  0  0  0  0  0  0  0  0  0  0  0  0  0  0  0  0  0  0  0  0  0  0  0  0  0  0  0  0  0  0  0  0  0  0  0  0  0  0  0  0  0  0  0  0  0  0  0  0  0  0  0  0  0  0  0  0  0  0  0  0  0  0  0  0  0  0  0  0  0  0  0  0  0  0  0  0  0  0  0  0  0  0  0 
 20  0  0  0  0  0  0  0  0  0  0  0  0  0  0  0  0  0  0  0  0  0  0  0  0  0  0  0  0  0  0  0  0  0  0  0  0  0  0  0  0  0  0  0  0  0  0  0  0  0  0  0  0  0  0  0  0  0  0  0  0  0  0  0  0  0  0  0  0  0  0  0  0  0  0  0  0  0  0  0  0  0  0  0  0  0  0  0  0  0  0 
 21  0  0  0  0  0  0  0  0  0  0  0  0  0  0  0  0  0  0  0  0  0  0  0  0  0  0  0  0  0  0  0  0  0  0  0  0  0  0  0  0  0  0  0  0  0  0  0  0  0  0  0  0  0  0  0  0  0  0  0  0  0  0  0  0  0  0  0  0  0  0  0  0  0  0  0  0  0  0  0  0  0  0  0  0  0  0  0  0  0  0 
 22  0  0  0  0  0  0  0  0  0  0  0  0  0  0  0  0  0  0  0  0  0  0  0  0  0  0  0  0  0  0  0  0  0  0  0  0  0  0  0  0  0  0  0  0  0  0  0  0  0  0  0  0  0  0  0  0  0  0  0  0  0  0  0  0  0  0  0  0  0  0  0  0  0  0  0  0  0  0  0  0  0  0  0  0  0  0  0  0  0  0 
 23  0  0  0  0  0  0  0  0  0  0  0  0  0  0  0  0  0  0  0  0  0  0  0  0  0  0  0  0  0  0  0  0  0  0  0  0  0  0  0  0  0  0  0  0  0  0  0  0  0  0  0  0  0  0  0  0  0  0  0  0  0  0  0  0  0  0  0  0  0  0  0  0  0  0  0  0  0  0  0  0  0  0  0  0  0  0  0  0  0  0 
 24  0  0  0  0  0  0  0  0  0  0  0  0  0  0  0  0  0  0  0  0  0  0  0  0  0  0  0  0  0  0  0  0  0  0  0  0  0  0  0  0  0  0  0  0  0  0  0  0  0  0  0  0  0  0  0  0  0  0  0  0  0  0  0  0  0  0  0  0  0  0  0  0  0  0  0  0  0  0  0  0  0  0  0  0  0  0  0  0  0  0 
 25  0  0  0  0  0  0  0  0  0  0  0  0  0  0  0  0  0  0  0  0  0  0  0  0  0  0  0  0  0  0  0  0  0  0  0  0  0  0  0  0  0  0  0  0  0  0  0  0  0  0  0  0  0  0  0  0  0  0  0  0  0  0  0  0  0  0  0  0  0  0  0  0  0  0  0  0  0  0  0  0  0  0  0  0  0  0  0  0  0  0 
 26  0  0  0  0  0  0  0  0  0  0  0  0  0  0  0  0  0  0  0  0  0  0  0  0  0  0  0  0  0  0  0  0  0  0  0  0  0  0  0  0  0  0  0  0  0  0  0  0  0  0  0  0  0  0  0  0  0  0  0  0  0  0  0  0  0  0  0  0  0  0  0  0  0  0  0  0  0  0  0  0  0  0  0  0  0  0  0  0  0  0 
 27  0  0  0  0  0  0  0  0  0  0  0  0  0  0  0  0  0  0  0  0  0  0  0  0  0  0  0  0  0  0  0  0  0  0  0  0  0  0  0  0  0  0  0  0  0  0  0  0  0  0  0  0  0  0  0  0  0  0  0  0  0  0  0  0  0  0  0  0  0  0  0  0  0  0  0  0  0  0  0  0  0  0  0  0  0  0  0  0  0  0 
 28  0  0  0  0  0  0  0  0  0  0  0  0  0  0  0  0  0  0  0  0  0  0  0  0  3  0  0  0  0  0  0  0  0  0  0  0  0  0  0  0  0  0  0  0  0  0  0  0  0  0  0  0  0  0  0  0  0  0  0  0  0  0  0  0  0  0  0  0  0  0  0  0  0  0  0  0  0  0  0  0  0  0  0  0  0  0  0  0  0  0 
 29  0  0  0  0  0  0  0  0  0  0  0  0  0  0  0  0  0  0  0  0  0  0  0  0  3  0  0  0  0  0  0  0  0  0  0  0  0  0  0  0  0  0  0  0  0  0  0  0  0  0  0  0  0  0  0  0  0  0  0  0  0  0  0  0  0  0  0  0  0  0  0  0  0  0  0  0  0  0  0  0  0  0  0  0  0  0  0  0  0  0 
 30  0  0  0  0  0  0  0  0  0  0  0  0  0  0  0  0  0  0  0  0  0  0  0  0  3  0  0  0  0  0  0  0  0  0  0  0  0  0  0  0  0  0  0  0  0  0  0  0  0  0  0  0  0  0  0  0  0  0  0  0  0  0  0  0  0  0  0  0  0  0  0  0  0  0  0  0  0  0  0  0  0  0  0  0  0  0  0  0  0  0 
 31  0  0  0  0  0  0  0  0  0  0  0  0  0  0  0  0  0  0  0  0  0  0  0  0  4  0  0  0  0  0  0  0  0  0  0  0  0  0  0  0  0  0  0  0  0  0  0  0  0  0  0  0  0  0  0  0  0  0  0  0  0  0  0  0  0  0  0  0  0  0  0  0  0  0  0  0  0  0  0  0  0  0  0  0  0  0  0  0  0  0 
 32  0  0  0  0  0  0  0  0  0  0  0  0  0  0  0  0  0  0  0  0  0  0  0  0  5  0  0  0  0  0  0  0  0  0  0  0  0  0  0  0  0  0  0  0  0  0  0  0  0  0  0  0  0  0  0  0  0  0  0  0  0  0  0  0  0  0  0  0  0  0  0  0  0  0  0  0  0  0  0  0  0  0  0  0  0  0  0  0  0  0 
 33  0  0  0  0  0  0  0  0  0  0  0  0  0  0  0  0  0  0  0  0  0  0  0  0  1  0  0  0  0  0  0  0  0  0  0  0  0  0  0  0  0  0  0  0  0  0  0  0  0  0  0  0  0  0  0  0  0  0  0  0  0  0  0  0  0  0  0  0  0  0  0  0  0  0  0  0  0  0  0  0  0  0  0  0  0  0  0  0  0  0 
 34  0  0  0  0  0  0  0  0  0  0  0  0  0  0  0  0  0  0  0  0  0  0  0  0  5  0  0  0  0  0  0  0  0  0  0  0  0  0  0  0  0  0  0  0  0  0  0  0  0  0  0  0  0  0  0  0  0  0  0  0  0  0  0  0  0  0  0  0  0  0  0  0  0  0  0  0  0  0  0  0  0  0  0  0  0  0  0  0  0  0 
 35  0  0  0  0  0  0  0  0  0  0  0  0  0  0  0  0  0  0  0  0  0  0  0  0  13  0  0  0  0  0  0  0  0  0  0  0  0  0  0  0  0  0  0  0  0  0  0  0  0  0  0  0  0  0  0  0  0  0  0  0  0  0  0  0  0  0  0  0  0  0  0  0  0  0  0  0  0  0  0  0  0  0  0  0  0  0  0  0  0  0 
 36  0  0  0  0  0  0  0  0  0  0  0  0  0  0  0  0  0  0  0  0  0  0  0  0  11  0  0  0  0  0  0  0  0  0  0  0  0  0  0  0  0  0  0  0  0  0  0  0  0  0  0  0  0  0  0  0  0  0  0  0  0  0  0  0  0  0  0  0  0  0  0  0  0  0  0  0  0  0  0  0  0  0  0  0  0  0  0  0  0  0 
 37  0  0  0  0  0  0  0  0  0  0  0  0  0  0  0  0  0  0  0  0  0  0  0  0  17  0  0  0  0  0  0  0  0  0  0  0  0  0  0  0  0  0  0  0  0  0  0  0  0  0  0  0  0  0  0  0  0  0  0  0  0  0  0  0  0  0  0  0  0  0  0  0  0  0  0  0  0  0  0  0  0  0  0  0  0  0  0  0  0  0 
 38  0  0  0  0  0  0  0  0  0  0  0  0  0  0  0  0  0  0  0  0  0  0  0  0  10  0  0  0  0  0  0  0  0  0  0  0  0  0  0  0  0  0  0  0  0  0  0  0  0  0  0  0  0  0  0  0  0  0  0  0  0  0  0  0  0  0  0  0  0  0  0  0  0  0  0  0  0  0  0  0  0  0  0  0  0  0  0  0  0  0 
 39  0  0  0  0  0  0  0  0  0  0  0  0  0  0  0  0  0  0  0  0  0  0  0  0  20  0  0  0  0  0  0  0  0  0  0  0  0  0  0  0  0  0  0  0  0  0  0  0  0  0  0  0  0  0  0  0  0  0  0  0  0  0  0  0  0  0  0  0  0  0  0  0  0  0  0  0  0  0  0  0  0  0  0  0  0  0  0  0  0  0 
 40  0  0  0  0  0  0  0  0  0  0  0  0  0  0  0  0  0  0  0  0  0  0  0  0  23  0  0  0  0  0  0  0  0  0  0  0  0  0  0  0  0  0  0  0  0  0  0  0  0  0  0  0  0  0  0  0  0  0  0  0  0  0  0  0  0  0  0  0  0  0  0  0  0  0  0  0  0  0  0  0  0  0  0  0  0  0  0  0  0  0 
 41  0  0  0  0  0  0  0  0  0  0  0  0  0  0  0  0  0  0  0  0  0  0  0  0  44  0  0  0  0  0  0  0  0  0  0  0  0  0  0  0  0  0  0  0  0  0  0  0  0  0  0  0  0  0  0  0  0  0  0  0  0  0  0  0  0  0  0  0  0  0  0  0  0  0  0  0  0  0  0  0  0  0  0  0  0  0  0  0  0  0 
 42  1  0  0  0  0  0  0  0  0  0  0  0  0  0  0  0  3  0  0  0  0  0  0  0  28  0  0  0  0  0  0  0  0  0  0  0  0  0  0  0  0  0  0  0  0  0  0  0  0  0  0  0  0  0  0  0  0  0  0  0  0  0  0  0  0  0  0  0  0  0  1  0  0  0  0  0  0  0  0  0  0  0  0  0  2  0  3  0  0  0 
 43  4  3  0  0  1  0  1  2  0  0  0  0  0  0  0  3  3  1  0  0  0  0  0  0  52  0  0  0  0  0  0  4  1  0  0  0  1  0  0  0  0  0  0  0  0  0  3  0  0  2  3  0  0  0  0  0  0  0  0  2  0  2  0  0  0  0  0  0  0  4  2  2  0  3  4  2  2  0  0  1  0  0  0  0  3  4  3  0  1  2 
 44  2  2  2  2  1  2  1  2  2  1  1  1  1  2  2  3  3  2  0  0  2  1  1  2  44  2  1  2  2  1  2  2  3  2  0  1  2  2  1  2  2  1  1  0  1  1  2  1  1  3  2  1  0  1  1  1  0  1  1  3  2  3  1  2  1  0  2  1  3  2  3  1  2  2  2  4  1  1  1  1  2  2  1  4  2  2  3  4  3  2 
 45  2  3  2  2  2  2  2  7  1  2  1  2  1  2  1  2  6  4  2  1  3  2  1  1  51  0  2  1  1  1  1  2  3  3  2  2  4  2  1  2  2  2  3  2  4  2  5  4  2  3  3  2  1  2  2  2  2  2  2  3  3  3  2  1  2  3  2  2  3  3  6  4  1  4  3  3  4  2  2  1  1  1  1  2  6  4  6  2  2  2 
 46  7  7  6  4  8  4  8  3  2  2  2  3  3  3  4  7  2  7  2  2  5  3  1  3  116  5  4  4  3  2  6  8  7  3  1  4  5  5  2  3  5  3  3  3  3  2  6  3  4  5  6  1  2  2  1  2  2  3  3  5  5  5  4  5  2  3  5  3  4  6  3  5  3  6  6  7  6  3  2  5  2  4  2  6  5  6  4  6  7  7 
 47  1  2  3  6  2  5  1  4  7  4  3  7  7  7  6  1  7  2  5  2  5  6  7  7  103  7  6  6  6  6  4  1  2  6  3  6  3  4  5  7  4  5  6  4  6  6  3  5  5  4  4  5  2  6  6  6  4  5  6  4  5  4  5  4  6  5  5  5  4  3  5  4  6  4  3  2  2  7  6  5  8  8  2  5  3  2  6  5  3  2 
 48  8  10  6  3  6  4  7  11  3  2  4  1  1  3  2  9  9  6  5  6  5  3  4  2  91  1  2  5  3  4  5  6  6  5  6  3  7  6  4  3  4  3  4  5  5  4  8  4  5  4  7  5  5  3  4  3  6  4  3  6  4  7  3  5  3  4  3  3  6  5  11  7  3  6  4  5  7  2  2  4  3  3  7  5  7  8  8  4  5  7 
 49  10  8  10  12  11  11  10  7  11  6  8  9  9  9  9  8  11  10  4  3  9  7  6  9  120  11  10  9  8  5  7  9  7  9  6  8  8  8  6  9  8  6  6  5  7  5  7  7  6  9  8  4  6  7  6  7  4  6  7  9  6  9  9  8  5  6  9  6  6  11  11  9  9  8  9  9  14  10  6  10  9  10  4  9  10  8  10  7  8  11 
 50  15  12  6  6  5  7  6  12  9  11  8  10  10  9  9  10  16  5  10  9  9  9  7  12  99  9  9  10  12  10  12  9  9  9  6  9  6  8  10  8  10  11  9  10  8  8  14  10  6  10  11  11  5  10  10  11  11  13  11  9  12  10  10  12  13  12  11  10  11  9  13  11  9  11  11  9  8  11  13  8  11  9  10  7  17  9  20  8  7  4 
 51  15  17  11  13  12  9  15  13  12  7  8  6  6  10  11  14  15  18  8  10  15  8  10  6  140  7  7  7  3  8  9  22  20  12  10  4  20  19  6  11  13  5  9  7  10  8  18  7  7  18  19  9  14  8  8  6  8  4  6  15  10  17  7  12  6  4  7  9  11  19  13  13  10  17  19  16  14  5  6  12  6  6  9  10  14  23  14  12  12  17 
 52  14  18  14  16  16  13  14  15  12  15  14  15  17  17  11  19  13  17  14  10  21  15  15  18  131  17  16  17  19  17  16  12  14  18  16  21  10  11  18  11  11  18  15  14  21  19  15  22  18  11  15  14  10  17  18  21  14  17  17  17  16  14  16  11  15  19  18  16  18  13  18  18  13  14  11  16  15  18  17  13  16  17  8  19  11  8  16  21  21  13 
 53  18  18  21  16  20  18  16  22  12  16  14  22  19  20  20  15  21  17  14  17  11  21  14  14  219  17  18  16  16  11  13  9  12  16  11  15  18  16  14  16  17  16  20  18  14  12  15  17  18  19  17  20  16  17  18  15  18  19  14  17  16  23  15  18  19  17  19  16  13  14  17  19  14  21  15  16  22  12  10  14  13  22  15  15  19  15  15  12  14  18 
 54  31  25  20  24  24  26  27  24  29  15  15  16  21  21  22  17  26  17  17  17  17  17  20  21  397  19  19  19  20  15  19  25  17  17  16  16  18  18  16  21  21  16  17  17  17  16  22  16  16  19  18  14  18  17  14  17  15  16  20  17  19  18  23  17  17  18  20  21  21  18  20  20  20  15  21  16  22  23  19  21  22  17  16  20  22  26  27  18  17  21 
 55  27  25  22  18  18  22  19  25  21  29  29  31  21  22  22  27  30  21  21  15  26  19  17  17  164  20  21  21  19  21  20  29  22  22  18  22  23  25  20  24  17  19  21  17  24  21  23  21  18  21  24  22  17  27  24  22  22  28  22  18  17  14  21  24  18  17  21  20  20  28  27  13  22  25  28  21  12  20  20  20  25  22  24  25  28  21  28  27  21  24 
 56  29  31  23  28  24  20  20  34  26  23  24  21  21  24  22  29  37  28  26  28  21  21  27  25  182  25  20  24  24  21  20  24  26  20  27  18  21  21  23  17  17  18  19  22  23  18  33  21  24  21  30  26  28  25  30  29  25  18  22  28  23  37  14  24  21  21  14  15  23  27  42  28  13  29  24  29  33  14  20  18  15  24  22  21  33  32  37  28  29  27 
 57  36  41  38  40  40  34  37  33  31  19  23  24  25  36  27  35  40  36  19  25  39  26  20  32  197  38  28  36  28  21  26  40  39  48  21  32  43  37  21  35  35  28  34  29  35  25  41  37  30  41  45  24  27  26  22  24  25  29  21  42  32  46  38  33  28  26  33  33  38  39  45  45  25  37  39  37  48  32  20  33  36  40  22  43  44  37  55  35  37  39 
 58  38  46  47  39  42  44  42  48  49  39  37  43  42  43  44  36  58  46  32  31  43  45  45  43  241  48  51  44  45  35  45  44  47  40  31  42  43  50  45  46  43  41  43  42  41  47  45  37  39  46  53  40  29  44  45  45  41  46  46  50  41  50  42  49  43  42  59  42  43  44  70  51  51  49  43  47  53  50  41  54  51  49  34  50  50  43  60  43  50  43 
 59  62  63  42  63  55  44  58  62  56  38  37  57  47  65  51  52  63  55  42  34  54  47  43  43  315  46  48  46  46  49  55  53  50  57  41  45  53  57  46  55  56  45  50  48  49  49  55  51  43  53  64  57  54  50  45  49  47  56  52  63  67  67  57  62  52  53  56  51  61  64  70  64  47  68  56  64  85  57  51  54  56  53  50  55  60  53  76  49  45  51 
 60  67  70  65  52  57  65  54  56  54  56  58  55  63  64  65  65  94  62  59  59  69  60  64  66  524  66  62  65  62  60  63  63  66  61  51  63  63  62  56  65  56  56  62  46  56  43  85  56  68  66  90  66  55  73  67  66  65  68  76  66  73  91  83  75  66  66  67  69  72  72  118  95  70  69  75  73  81  83  71  71  71  78  59  71  99  78  115  75  72  74 
 61  110  123  85  87  87  83  87  118  84  81  85  88  90  111  81  89  134  91  93  86  91  98  93  95  552  91  92  94  94  89  88  94  88  93  95  96  93  87  93  83  93  94  94  98  105  78  106  102  92  88  110  110  93  119  98  95  101  98  87  109  80  117  101  107  99  99  94  94  109  105  124  109  87  110  93  102  131  77  92  92  111  112  91  107  93  120  127  91  116  102 
 62  121  124  119  138  134  125  136  122  137  124  111  126  131  116  133  128  128  135  109  108  126  104  120  117  579  127  128  126  123  109  123  130  130  135  108  115  126  138  117  133  123  115  120  114  120  123  122  121  115  134  116  117  122  109  123  129  103  129  118  125  136  129  112  112  113  109  128  132  122  130  129  106  118  129  139  129  136  129  106  125  102  112  111  119  127  108  141  125  107  126 
 63  109  125  125  124  125  119  118  116  120  121  117  126  121  123  124  128  102  134  112  115  133  124  116  117  539  126  120  120  123  105  119  117  134  129  105  115  121  126  111  118  106  113  125  103  122  93  141  125  106  126  124  119  109  123  119  121  112  112  116  121  120  146  122  133  110  115  133  109  120  118  127  126  110  120  114  119  134  132  110  129  132  130  120  131  128  128  109  127  133  119 
 64  121  116  142  128  128  142  132  127  128  132  134  128  131  126  135  119  135  120  121  139  135  155  140  145  642  133  142  137  136  124  132  119  129  135  125  127  139  137  141  140  147  116  138  130  142  134  127  142  146  140  143  129  143  133  140  140  136  136  140  132  141  122  137  132  150  148  127  140  129  124  160  132  144  117  125  125  135  129  126  121  119  130  129  128  109  120  161  129  128  130 
 65  167  171  108  179  153  122  144  179  168  130  113  161  168  204  160  123  195  157  142  129  181  115  152  114  590  162  145  139  147  133  123  100  146  170  131  140  148  171  136  149  119  153  160  138  152  151  169  149  153  146  156  179  146  175  164  165  141  178  148  167  154  155  176  171  144  141  177  182  172  158  380  161  118  183  148  165  367  173  134  159  164  166  125  159  164  139  380  129  139  141 
 66  350  370  178  345  374  258  360  355  364  322  193  382  373  359  368  228  367  360  186  189  350  176  352  182  703  366  366  378  343  167  225  176  345  349  172  164  345  348  192  359  160  160  360  169  370  161  386  368  268  351  396  374  364  378  363  361  161  362  365  344  352  408  365  390  298  241  350  354  348  342  164  389  160  356  354  348  191  347  164  355  358  379  164  355  373  359  185  349  357  351 
 67  166  169  376  164  152  288  169  165  156  234  380  156  164  170  160  320  159  158  366  388  158  380  187  372  1083  161  166  166  182  374  321  388  170  164  374  382  188  166  343  162  379  385  162  378  172  386  164  173  263  176  142  161  188  159  180  181  406  180  186  177  181  144  165  168  247  308  177  167  162  174  154  157  398  173  175  164  159  182  388  182  190  187  403  190  195  179  149  203  195  185 
 68  151  150  156  154  159  153  164  139  161  165  164  159  156  146  156  146  141  160  164  154  155  155  155  149  1140  153  153  143  160  153  140  130  145  160  169  150  151  161  164  144  144  151  155  162  159  157  150  160  159  152  166  166  156  175  171  159  153  145  140  149  141  144  154  143  157  160  155  161  173  154  128  158  149  135  147  156  137  171  157  150  149  148  172  151  144  167  122  176  155  168 
 69  137  132  128  128  132  137  124  136  139  138  142  142  139  127  139  131  127  147  143  145  140  138  132  143  1149  140  132  134  125  149  132  146  134  129  147  142  130  138  143  166  149  161  156  171  147  172  135  156  163  157  118  136  161  138  143  144  150  138  147  136  136  145  129  138  138  138  137  128  137  152  157  123  147  149  152  150  154  133  164  142  132  123  140  130  113  135  181  121  124  131 
 70  126  166  146  141  134  137  138  140  127  133  129  136  136  154  141  138  201  129  130  144  151  148  148  128  1463  136  143  143  147  127  140  134  152  148  131  144  159  175  141  138  136  133  145  133  151  129  197  137  133  135  177  151  131  148  148  148  139  152  139  147  151  190  166  185  138  142  160  163  144  129  219  167  134  134  113  127  203  149  127  150  142  161  126  142  159  116  189  129  130  122 
 71  220  213  177  211  215  198  188  216  215  193  193  199  220  231  211  170  195  211  191  189  219  195  193  189  1288  211  185  192  210  193  201  189  203  223  183  205  201  200  183  182  181  179  174  171  184  193  189  187  180  183  196  208  177  181  190  198  188  198  184  193  187  204  188  198  202  191  207  186  201  202  187  193  174  210  201  210  194  196  187  181  188  208  188  213  206  218  193  207  205  209 
 72  177  189  222  185  185  199  197  172  185  206  205  210  188  191  197  215  194  195  199  215  197  209  209  217  1483  191  216  206  182  195  202  193  190  190  199  198  207  203  208  199  199  206  218  213  217  177  186  215  208  210  186  188  221  218  201  200  208  195  213  187  202  187  209  180  209  213  196  205  185  182  201  190  207  190  189  181  197  203  188  215  218  193  205  187  183  175  193  189  196  192 
 73  204  219  192  210  200  200  204  215  213  202  196  204  219  223  204  196  230  191  206  218  205  181  204  189  1153  209  201  192  204  191  183  191  196  202  201  195  180  193  209  212  196  196  204  204  196  209  217  205  200  177  209  211  201  213  211  218  194  221  194  201  202  231  205  216  199  197  207  214  207  199  291  208  191  199  186  202  252  193  213  187  192  198  202  193  200  186  284  195  186  184 
 74  224  250  229  253  228  222  226  224  231  219  224  226  225  238  220  218  334  220  217  203  210  228  216  227  1214  214  205  226  216  214  212  193  208  227  201  218  217  231  209  208  200  212  209  205  234  216  280  230  208  230  262  252  231  258  235  235  214  233  218  238  219  334  247  253  223  223  245  240  233  224  476  241  205  223  208  215  386  257  214  238  241  258  198  236  238  216  472  219  228  234 
 75  316  414  256  268  292  253  247  348  274  273  236  305  302  402  314  230  511  283  232  297  352  244  261  231  880  313  263  258  271  230  238  238  276  365  258  251  293  362  251  280  236  248  278  243  335  269  448  339  259  311  463  365  287  375  350  348  284  346  269  347  342  482  342  408  275  264  345  337  338  321  491  396  246  358  255  324  483  342  239  318  314  369  262  343  376  300  494  256  295  298 
 76  482  496  426  517  494  425  457  483  499  443  417  520  511  515  521  418  523  529  422  526  530  470  489  437  809  534  499  492  523  394  458  433  509  524  381  439  506  566  450  499  407  424  503  429  506  389  565  507  441  478  517  508  467  531  497  507  454  495  478  469  467  549  491  524  491  492  511  483  487  481  527  498  412  483  491  477  562  487  400  475  493  529  449  499  507  478  531  497  477  469 
 77  468  528  538  471  507  518  531  519  526  521  512  499  502  497  481  533  526  516  518  469  488  523  535  552  818  486  508  515  497  513  529  546  523  499  523  520  542  474  496  507  515  507  523  517  482  540  482  474  544  521  534  518  549  498  526  523  529  511  534  567  541  501  544  545  519  520  542  536  531  550  452  560  511  554  489  531  475  498  520  524  483  514  468  495  544  499  448  491  500  523 
 78  502  460  492  509  498  513  521  499  505  527  504  520  510  497  529  517  402  532  489  544  546  518  535  522  943  549  530  524  515  500  502  525  523  504  480  518  510  512  549  506  523  540  496  500  520  514  451  521  504  505  438  490  515  488  503  504  509  510  517  486  497  420  483  454  534  545  488  495  503  498  413  453  529  468  526  502  412  509  553  519  538  468  563  498  475  511  416  530  516  518 
 79  435  403  458  427  427  464  428  413  412  422  479  404  406  411  401  490  389  416  507  400  392  463  410  464  903  376  413  426  412  500  467  460  407  428  521  470  417  432  443  444  469  453  445  460  415  455  397  409  457  439  410  394  397  407  385  406  462  410  423  419  407  411  442  421  414  417  432  398  417  422  414  422  458  423  444  405  428  438  452  429  419  444  444  442  426  455  398  464  454  440 
 80  392  411  426  397  412  421  424  396  421  414  426  416  421  395  429  402  403  401  418  405  400  420  417  424  970  426  430  414  420  394  401  406  411  382  400  432  419  387  428  412  415  405  418  444  417  420  404  431  419  405  425  422  449  403  428  405  431  417  437  409  422  423  384  406  439  432  394  417  415  407  427  415  434  401  426  432  405  419  439  409  428  414  402  412  419  403  444  416  409  417 
 81  400  440  402  404  402  392  399  399  399  421  404  403  390  439  388  384  482  397  381  448  431  386  387  384  1034  393  386  387  401  418  397  400  393  414  403  396  396  437  384  395  386  394  377  387  410  411  492  404  392  396  445  440  410  466  442  446  419  434  409  439  415  438  425  462  432  421  448  416  423  431  474  455  395  422  420  411  443  406  429  422  405  418  437  392  416  409  483  415  406  421 
 82  468  509  472  481  482  476  478  478  482  469  447  466  481  466  482  469  466  493  475  432  443  490  476  493  1735  462  465  474  473  444  481  482  467  462  446  456  499  477  462  473  466  471  504  469  497  468  462  487  470  469  452  426  448  433  437  436  472  435  464  435  451  479  452  455  447  467  464  453  453  453  498  418  484  446  460  472  466  446  466  460  458  444  439  465  459  462  495  456  455  446 
 83  507  437  504  476  471  503  488  482  464  471  488  471  467  458  465  511  502  463  480  475  464  484  473  473  1249  490  478  473  459  460  475  493  482  498  509  510  469  475  494  471  509  487  468  494  455  491  436  463  477  487  469  478  469  462  475  469  453  468  462  475  467  481  464  424  465  456  453  472  465  471  491  476  468  482  482  473  501  479  487  461  465  481  486  472  467  467  487  472  465  464 
 84  462  541  461  480  491  444  468  493  487  480  455  491  489  530  508  462  530  487  453  496  508  464  480  450  1312  499  480  468  490  503  464  454  491  492  455  456  476  516  486  492  442  459  472  461  470  466  554  485  473  453  514  489  473  504  490  499  466  472  461  477  476  547  484  530  462  468  505  464  455  459  642  510  452  460  451  458  566  476  450  476  466  505  477  485  503  465  643  469  484  463 
 85  574  623  577  554  559  542  567  532  546  564  541  560  565  570  573  517  769  562  533  563  536  527  569  540  1912  542  545  556  551  512  522  535  548  549  522  528  551  570  526  541  489  516  565  514  565  503  575  577  528  577  617  600  583  587  569  568  576  578  571  591  576  726  576  581  606  593  573  613  608  588  1004  640  540  604  551  586  813  584  532  585  570  603  518  548  611  571  1016  569  544  578 
 86  717  886  693  693  699  672  694  767  693  696  663  689  731  860  791  661  1188  779  662  783  793  669  705  672  1635  784  687  642  728  651  719  675  688  827  607  657  724  826  649  692  674  715  732  645  766  665  909  748  666  747  928  881  763  852  808  814  647  766  685  846  816  1212  833  879  734  738  841  814  800  774  1130  824  681  786  699  787  1219  843  663  787  754  857  709  791  830  765  1101  737  707  753 
 87  1166  1246  1229  1208  1204  1173  1224  1182  1214  1246  1177  1252  1226  1245  1222  1144  1039  1189  1184  1233  1233  1251  1243  1177  1483  1203  1231  1232  1200  999  1194  1186  1217  1220  1144  1190  1235  1271  1233  1222  1046  1216  1230  1139  1257  1229  1197  1249  1247  1236  1209  1231  1222  1236  1237  1253  1234  1207  1239  1182  1158  1074  1220  1229  1226  1230  1236  1228  1189  1205  1150  1226  1182  1184  1229  1165  997  1252  1142  1240  1224  1261  1261  1232  1277  1206  1060  1241  1238  1215 
 88  1073  1200  1047  1057  1056  1095  1043  1066  1040  1004  1063  934  985  1108  1058  1076  1189  1091  1063  969  984  1019  1037  1127  1266  1069  1077  1060  1046  1186  1087  1068  1067  1038  1070  1061  1020  1031  1008  1035  1127  988  1031  1064  955  1036  1169  974  1006  1035  1193  1229  980  1052  967  967  1043  1018  1049  1062  1105  1173  1051  1207  1026  1021  1004  1051  1064  1063  1018  1091  1054  1072  1060  1100  1190  1020  1085  1023  1063  1057  972  1011  1022  1045  1088  1064  1036  1074 
 89  1222  996  1227  1194  1189  1217  1218  1176  1205  1249  1251  1257  1236  1085  1228  1221  1192  1188  1246  1295  1179  1277  1213  1182  1394  1203  1181  1210  1203  1244  1184  1232  1165  1205  1255  1250  1198  1204  1284  1219  1249  1285  1212  1225  1278  1232  1033  1273  1266  1189  991  1042  1279  1145  1277  1256  1257  1209  1203  1189  1216  1157  1176  996  1252  1249  1209  1233  1187  1178  1225  1099  1263  1179  1201  1137  1229  1210  1283  1215  1167  1150  1256  1160  1142  1182  1231  1175  1178  1164 
 90  1106  1219  1124  1067  1068  1024  1076  1222  1079  1220  1076  1103  1203  1219  1206  1048  1234  1205  1087  1223  1213  1096  1152  1071  1739  1218  1084  1039  1088  1099  1108  1049  1040  1236  1091  1072  1126  1237  1047  1035  1032  1113  1156  1099  1212  1086  1184  1213  1048  1159  1231  1184  1240  1221  1227  1229  1190  1230  1139  1256  1217  1273  1222  1211  1239  1241  1257  1214  1196  1225  1465  1213  1065  1222  1173  1232  1325  1220  1078  1197  1207  1226  1264  1240  1270  1263  1431  1198  1167  1253 
 91  1326  1502  1358  1339  1348  1287  1355  1281  1333  1255  1221  1311  1267  1494  1375  1191  1397  1323  1237  1273  1240  1361  1314  1301  1732  1311  1331  1230  1329  1151  1314  1289  1364  1378  1134  1317  1338  1470  1290  1406  1205  1301  1330  1212  1314  1325  1502  1319  1361  1350  1515  1541  1275  1443  1369  1373  1296  1297  1291  1397  1355  1415  1378  1494  1305  1340  1452  1399  1367  1290  1268  1468  1306  1338  1267  1275  1362  1407  1306  1347  1268  1475  1171  1270  1426  1233  1277  1336  1271  1248 
 92  1299  1237  1377  1356  1327  1438  1361  1332  1340  1383  1502  1365  1387  1236  1323  1536  1222  1356  1508  1325  1367  1379  1370  1438  1742  1345  1372  1428  1390  1550  1375  1411  1358  1301  1567  1439  1327  1253  1422  1314  1527  1404  1346  1517  1360  1400  1271  1356  1356  1342  1209  1238  1399  1275  1319  1335  1408  1400  1364  1300  1308  1227  1325  1248  1391  1372  1269  1303  1347  1368  1317  1214  1430  1309  1406  1362  1218  1295  1413  1353  1384  1249  1375  1408  1258  1386  1287  1422  1344  1394 
 93  1266  1284  1216  1246  1227  1263  1229  1198  1250  1217  1261  1212  1218  1204  1197  1248  1182  1196  1247  1202  1182  1235  1227  1236  1797  1204  1208  1268  1199  1243  1194  1246  1219  1205  1264  1230  1200  1250  1252  1243  1237  1212  1214  1281  1182  1273  1198  1211  1262  1182  1303  1202  1168  1213  1221  1208  1223  1191  1255  1228  1178  1185  1198  1207  1193  1196  1224  1205  1192  1208  1053  1212  1225  1234  1203  1222  1190  1218  1278  1211  1206  1202  1230  1172  1226  1190  1069  1190  1227  1188 
 94  1189  1147  1223  1208  1242  1237  1199  1161  1207  1202  1219  1212  1170  1164  1204  1225  1190  1172  1203  1203  1195  1253  1223  1237  2062  1161  1221  1239  1204  1260  1234  1233  1229  1184  1225  1239  1246  1199  1220  1243  1239  1230  1252  1214  1214  1230  1155  1207  1247  1194  1086  1232  1227  1182  1206  1205  1224  1180  1233  1154  1212  1243  1204  1200  1202  1208  1174  1205  1173  1147  1069  1150  1249  1148  1197  1170  1147  1189  1210  1156  1171  1216  1206  1165  1141  1161  1109  1183  1197  1165 
 95  1179  1056  1224  1179  1173  1192  1211  1213  1180  1222  1203  1178  1231  1144  1174  1164  1014  1212  1216  1219  1208  1253  1209  1205  2652  1234  1218  1190  1219  1180  1216  1197  1180  1161  1192  1215  1204  1096  1206  1194  1172  1234  1219  1232  1217  1241  1074  1194  1183  1219  1053  1088  1215  1127  1155  1142  1249  1182  1194  1153  1158  1005  1141  1071  1204  1204  1133  1138  1177  1195  1115  1125  1193  1191  1220  1210  1058  1140  1201  1177  1200  1078  1227  1200  1107  1189  1108  1217  1179  1185 
 96  1022  1100  1011  1039  1030  1042  1019  996  1025  1033  1044  1029  1020  1069  1084  1021  1112  1024  1038  1038  983  979  1029  1039  2057  1042  1017  1028  1016  1044  1013  1008  1014  1080  1032  1035  982  1092  1033  1021  1027  1002  1005  996  975  980  1076  1023  1011  975  1087  1084  1039  1065  1046  1063  984  1006  1001  1051  1074  1083  1068  1059  1040  1049  1079  1088  1063  1014  1148  1063  1026  1039  973  1010  1061  1075  1026  1052  1009  1091  1009  1000  1093  1034  1143  1063  1019  1042 
 97  1070  1142  1100  1072  1077  1091  1082  1065  1072  1037  1077  1075  1049  1082  1015  1122  1287  1093  1086  1020  1073  1104  1056  1099  1332  1052  1073  1092  1082  1095  1091  1115  1083  1036  1083  1083  1074  1092  1066  1065  1090  1055  1061  1085  1052  1077  1091  1041  1075  1068  1057  1035  1011  1018  1023  1024  1091  1057  1079  1051  983  1299  1027  1042  1052  1061  1051  1011  1034  1066  1833  1037  1094  1032  1113  1067  1356  1041  1121  1045  1081  1063  1080  1091  1052  1069  1771  1050  1103  1061 
 98  1281  1863  1293  1305  1284  1283  1252  1291  1275  1269  1244  1300  1346  1476  1379  1178  2061  1353  1226  1234  1324  1350  1304  1291  1213  1341  1251  1263  1222  1159  1210  1221  1217  1404  1159  1305  1304  1535  1214  1284  1106  1243  1317  1272  1387  1247  1530  1402  1238  1237  1613  1421  1292  1437  1376  1381  1375  1360  1291  1374  1298  1997  1363  1475  1364  1381  1501  1304  1333  1298  1607  1352  1217  1367  1251  1299  2051  1386  1258  1302  1322  1534  1225  1330  1447  1244  1660  1353  1229  1282 
 99  1978  1574  2001  1942  1967  1965  1987  1997  1932  1950  1947  1885  1952  1991  2014  1967  1466  2035  1962  1956  1922  1991  1941  1937  950  2036  1929  1905  1972  1840  1876  1947  1974  2046  1783  1955  1944  1925  1962  1931  1668  1869  1997  1897  1985  1952  1910  2008  1963  1978  1867  2014  1974  1996  2018  2058  1941  1951  1952  2033  1967  1489  2018  1967  1986  1971  1967  2104  1997  2002  1353  2036  1929  1972  1948  1976  1400  2004  1919  1979  1916  1923  1858  1918  2001  1969  1352  2001  1932  1980 
 100  1555  1409  1537  1521  1508  1531  1538  1526  1530  1540  1566  1539  1512  1341  1465  1562  1485  1451  1554  1538  1547  1513  1576  1582  401  1454  1540  1531  1555  1604  1581  1578  1536  1401  1639  1543  1514  1372  1515  1535  1745  1558  1472  1518  1428  1549  1328  1417  1528  1502  1368  1393  1540  1382  1417  1376  1518  1471  1519  1418  1512  1448  1404  1362  1485  1477  1394  1384  1466  1513  1638  1395  1537  1493  1557  1502  1540  1410  1567  1505  1517  1363  1578  1509  1420  1533  1664  1532  1550  1526 
 101  1322  1643  1445  1353  1333  1328  1353  1348  1307  1328  1280  1272  1335  1600  1506  1384  1469  1517  1294  1313  1280  1397  1361  1347  286  1529  1328  1341  1323  1372  1362  1362  1359  1569  1402  1351  1364  1671  1361  1369  1413  1359  1437  1340  1480  1312  1625  1519  1324  1380  1631  1571  1414  1552  1491  1509  1443  1437  1379  1562  1458  1505  1515  1604  1496  1514  1624  1522  1501  1453  1761  1597  1392  1462  1408  1469  1518  1518  1377  1423  1426  1631  1349  1429  1588  1386  1740  1475  1368  1444 
 102  1622  1725  1574  1631  1646  1677  1653  1599  1666  1628  1685  1706  1599  1567  1544  1630  1741  1546  1689  1609  1613  1595  1580  1631  154  1495  1644  1655  1617  1724  1677  1630  1611  1535  1671  1654  1628  1629  1651  1631  1719  1707  1557  1699  1496  1662  1628  1511  1686  1615  1694  1510  1531  1490  1502  1520  1614  1557  1643  1542  1547  1728  1556  1524  1561  1574  1514  1503  1540  1576  1510  1483  1703  1559  1601  1545  1726  1536  1670  1548  1559  1538  1691  1568  1529  1627  1525  1586  1636  1596 
 103  1750  1500  1764  1721  1713  1719  1714  1742  1732  1761  1760  1730  1762  1669  1790  1795  1557  1744  1780  1770  1762  1768  1753  1774  0  1769  1763  1750  1775  1789  1779  1794  1762  1745  1744  1768  1761  1610  1776  1760  1693  1764  1792  1758  1805  1744  1618  1792  1740  1772  1557  1769  1788  1788  1799  1766  1789  1771  1758  1772  1757  1600  1770  1724  1802  1776  1750  1795  1749  1760  1377  1766  1769  1750  1777  1753  1469  1793  1780  1803  1748  1697  1761  1720  1702  1757  1403  1802  1741  1714 
 104  1604  1551  1698  1639  1657  1679  1663  1611  1663  1713  1676  1655  1683  1590  1628  1608  1532  1629  1663  1692  1646  1703  1675  1683  0  1602  1653  1637  1652  1553  1626  1651  1629  1601  1606  1704  1666  1625  1645  1627  1572  1627  1662  1620  1639  1708  1602  1619  1664  1633  1524  1562  1665  1553  1607  1621  1708  1627  1656  1563  1627  1491  1594  1550  1629  1653  1601  1582  1629  1666  1489  1532  1621  1591  1625  1628  1461  1573  1672  1593  1625  1546  1635  1640  1555  1642  1432  1600  1579  1679 
 105  1546  1571  1615  1525  1551  1555  1591  1532  1493  1590  1577  1526  1531  1566  1637  1582  1434  1614  1606  1610  1509  1616  1564  1543  0  1531  1578  1546  1532  1665  1597  1573  1528  1511  1707  1579  1542  1583  1557  1543  1666  1596  1511  1589  1546  1591  1491  1517  1551  1523  1574  1614  1591  1555  1565  1575  1596  1523  1545  1567  1566  1485  1494  1555  1636  1631  1630  1600  1507  1555  1485  1573  1605  1542  1566  1551  1544  1590  1639  1541  1512  1589  1623  1510  1563  1538  1505  1619  1572  1556 
 106  1601  1560  1667  1649  1636  1679  1675  1617  1683  1672  1665  1651  1657  1538  1614  1695  2076  1616  1671  1634  1639  1629  1655  1728  0  1647  1715  1636  1668  1709  1702  1707  1675  1621  1675  1715  1711  1595  1667  1665  1721  1667  1709  1641  1690  1665  1557  1689  1700  1737  1535  1649  1719  1609  1651  1622  1631  1658  1719  1612  1669  2165  1690  1586  1626  1597  1551  1674  1680  1684  2314  1618  1720  1600  1658  1670  2112  1605  1730  1719  1689  1526  1764  1652  1565  1659  2279  1591  1659  1708 
 107  2192  2386  2448  2157  2201  2306  2306  2180  2122  2451  2395  2152  2281  2385  2495  2201  1892  2371  2390  2486  2173  2428  2369  2307  0  2328  2320  2119  2334  2289  2411  2372  2209  2395  2344  2379  2285  2443  2315  2231  2053  2407  2315  2246  2343  2422  2408  2335  2300  2325  2416  2515  2468  2410  2443  2460  2501  2303  2352  2471  2417  1881  2385  2452  2497  2493  2451  2472  2375  2412  1734  2340  2389  2305  2344  2323  1804  2455  2420  2360  2219  2392  2402  2215  2361  2370  1738  2438  2154  2357 
 108  1906  1764  1889  1933  1930  1944  1967  1879  2005  2040  1981  1966  1852  1809  1870  2067  1744  1906  2008  2026  1862  1866  1931  1941  0  1856  2013  2006  1916  2104  2062  1988  1961  1859  2141  1988  1953  1839  1974  1947  2254  2048  1911  2023  1950  1972  1765  1939  2020  1970  1820  1917  1945  1840  1894  1858  1888  1904  1955  1855  1934  1774  1864  1831  1930  1940  1898  1920  1861  1894  1689  1875  2039  1839  1992  1903  1767  1938  1990  1930  1887  1872  2108  1844  1877  1958  1714  1922  1979  1945 
 109  1746  1850  1926  1757  1798  1871  1892  1692  1758  1926  1926  1790  1830  1788  2004  1907  1892  1870  1920  1879  1749  1897  1835  1896  0  1783  1917  1773  1890  1991  1914  1888  1803  1788  1985  1846  1831  1986  1939  1831  1877  1955  1801  1897  1785  1936  1775  1795  1849  1846  1884  2035  1978  1833  1911  1900  1959  1781  1845  1936  1850  1975  1821  1907  1957  1974  1926  1984  1804  1898  1875  1846  1905  1789  1848  1834  1874  1878  1966  1841  1818  1868  1960  1770  1815  1847  1839  1922  1794  1863 
 110  1934  1640  1672  1911  1898  1849  1794  1943  1933  1720  1830  1916  1820  1724  1633  1914  1593  1696  1813  1774  1903  1673  1826  1759  0  1821  1802  1923  1880  1897  1823  1838  1919  1764  1891  1683  1817  1651  1861  1882  1997  1862  1849  1914  1751  1793  1701  1725  1857  1814  1599  1595  1622  1702  1619  1613  1609  1777  1804  1624  1787  1562  1757  1608  1627  1626  1623  1635  1778  1669  1581  1754  1764  1793  1835  1797  1562  1602  1710  1738  1828  1625  1729  1863  1680  1787  1604  1639  1880  1706 
 111  1467  1415  1356  1432  1450  1393  1386  1432  1454  1414  1395  1447  1393  1384  1306  1394  1407  1403  1427  1349  1448  1377  1356  1383  0  1401  1327  1420  1370  1396  1400  1387  1448  1385  1408  1376  1335  1262  1401  1427  1418  1427  1372  1388  1367  1409  1377  1400  1365  1351  1413  1332  1419  1403  1362  1369  1285  1388  1408  1401  1390  1478  1378  1388  1266  1277  1253  1373  1372  1405  1671  1402  1422  1410  1387  1355  1418  1356  1271  1385  1409  1372  1405  1420  1410  1384  1610  1360  1453  1373 
 112  1464  1458  1063  1414  1312  1219  1212  1403  1323  1270  1240  1346  1368  1343  1124  1208  1614  1072  1214  1512  1375  1085  1274  1103  0  1378  1195  1372  1338  1219  1213  1174  1312  1210  1169  1016  1139  995  1270  1296  1321  1221  1252  1301  1175  1207  1259  1194  1268  1185  1268  1332  1251  1341  1201  1191  1016  1347  1225  1153  1387  1347  1331  1304  1021  949  1082  1282  1269  1102  2322  1278  1194  1354  1268  1277  1931  1158  948  1152  1300  1239  1182  1367  1211  1286  2245  1069  1326  1170 
 113  1478  3809  2756  1496  1365  1687  1836  1308  1172  3394  2457  1279  1793  2660  3731  1380  5051  2369  2552  3693  1161  2107  2035  1432  0  2092  1691  1097  1847  2172  2422  1563  1118  2453  2635  1591  1222  4203  1937  1456  1306  2648  1964  1486  1780  2381  2301  1986  1844  1268  3063  5227  3927  2832  2790  2792  2767  1986  2323  2736  2653  5443  2847  3159  3415  3442  3463  4171  2272  1895  3952  2451  2516  1733  1747  1604  4844  3061  2305  2203  1435  2931  3568  1525  2347  1746  4119  2570  1368  1739 
 114  5502  2491  4138  5581  5726  5322  5140  5790  5934  3285  4443  5802  5148  4008  2942  5640  547  4544  4293  2803  5876  4827  4842  5608  0  4688  5324  6056  5089  4743  4423  5375  5963  4327  4278  5482  5875  2426  4994  5547  5732  4117  4901  5504  5143  4484  4429  4855  5091  5751  3493  993  2667  3817  3977  3975  4131  4914  4531  3985  3979  145  3848  3452  3398  3388  3232  2315  4555  5001  5  4239  4292  5159  5100  5308  226  3674  4679  4678  5583  3722  3152  5468  4367  5129  10  4217  5699  5176 
 115  48  6  6  7  7  5  5  12  8  4  4  6  4  3  3  5  2  3  4  6  73  4  4  5  0  5  4  6  5  6  6  19  10  5  4  6  9  3  5  8  10  7  7  6  6  6  4  7  5  5  5  4  6  7  6  5  5  5  4  5  4  4  3  5  4  4  4  4  5  5  0  5  6  6  11  4  4  7  6  5  5  5  5  8  5  9  0  7  15  8 
 116  5  3  3  3  4  4  4  4  3  4  3  3  5  5  3  2  2  3  3  0  2  4  2  3  0  2  3  2  2  0  1  2  3  2  2  5  4  5  5  5  5  2  5  6  5  5  6  6  3  3  3  2  1  3  2  4  3  4  6  4  1  1  3  3  4  4  4  2  2  3  1  3  2  3  2  3  1  2  4  4  4  4  2  5  4  1  1  1  2  2 
 117  1  0  0  3  2  2  1  2  2  0  1  4  0  0  0  3  0  2  0  0  3  1  0  0  0  0  0  1  0  0  0  0  0  1  0  0  3  0  0  0  0  1  0  0  1  1  2  0  2  2  1  0  1  1  1  1  2  2  0  0  1  1  1  1  1  1  1  1  2  1  1  1  1  1  1  1  0  2  2  1  2  1  1  2  1  1  1  2  1  1 
 118  0  0  0  0  0  0  0  0  0  1  0  0  0  0  1  0  0  0  1  1  0  0  1  0  0  0  0  0  0  0  0  0  0  0  1  0  0  0  0  0  0  1  1  1  0  0  1  1  0  0  0  1  1  0  1  0  0  0  1  1  0  1  0  0  0  0  0  1  0  0  0  0  0  1  1  1  0  0  0  1  1  1  0  1  1  2  0  1  1  1 
 119  1  1  1  1  1  1  1  0  1  0  1  1  1  1  0  1  1  1  0  1  0  1  0  1  0  1  1  1  1  1  1  1  1  1  0  1  1  1  1  1  1  0  1  1  1  1  1  1  1  1  1  0  0  1  0  1  1  1  1  1  1  0  1  1  1  1  1  0  1  1  0  1  1  1  1  1  0  0  0  0  0  0  0  0  0  0  0  0  1  0 
 120  0  0  0  0  0  0  0  1  0  1  0  0  0  0  0  0  0  0  1  0  1  0  0  0  0  0  0  0  0  0  0  0  0  0  1  0  0  0  0  0  0  0  0  0  0  0  0  0  0  0  0  1  0  0  0  0  0  0  0  0  0  0  0  0  0  0  0  0  0  0  0  0  0  0  0  0  0  0  0  0  0  0  0  0  0  0  0  0  0  0 
 121  0  0  2  0  0  0  1  0  0  0  1  1  1  1  1  0  1  0  0  0  0  1  1  0  0  0  1  0  1  1  1  0  0  0  0  1  0  1  1  0  0  1  0  0  1  1  0  0  1  1  0  0  1  1  1  1  0  0  0  0  1  0  0  1  1  0  0  1  0  0  1  0  0  0  0  0  1  0  0  0  0  0  1  0  0  0  1  0  0  0 
 122  1  2  0  2  2  2  1  0  1  0  0  0  0  0  0  1  0  1  0  0  1  0  0  1  0  1  0  1  0  0  0  1  1  1  0  0  1  0  0  1  1  0  1  1  0  0  1  1  0  0  1  0  0  0  0  0  1  1  1  1  0  1  1  0  0  1  1  0  1  1  0  1  1  0  0  0  0  1  1  1  0  1  0  0  0  0  0  0  0  1 
 123  1  0  0  0  0  0  0  2  0  0  0  0  0  0  0  0  0  0  0  0  0  0  0  0  0  0  0  0  0  0  0  0  0  0  0  0  0  0  0  0  0  0  0  0  0  0  0  0  0  0  0  0  0  0  0  0  0  0  0  0  0  0  0  0  0  0  0  0  0  0  0  0  0  0  1  1  0  0  0  0  1  0  0  1  1  1  0  1  1  0 
 124  0  0  0  0  0  0  0  0  0  0  0  0  0  0  0  0  0  0  0  0  0  0  0  0  0  0  0  0  0  0  0  0  0  0  0  0  0  0  0  0  0  0  0  0  0  0  0  0  0  0  0  0  0  0  0  0  0  0  0  0  0  0  0  0  0  0  0  0  0  0  0  0  0  1  0  0  0  0  0  0  0  0  0  0  0  0  0  0  0  0 
 125  0  0  0  0  0  0  0  0  0  0  0  0  0  0  0  0  0  0  0  0  0  0  0  0  0  0  0  0  0  0  0  0  0  0  0  0  0  0  0  0  0  0  0  0  0  0  0  0  0  0  0  0  0  0  0  0  0  0  0  0  0  0  0  0  0  0  0  0  0  0  0  0  0  0  0  0  0  0  0  0  0  0  0  0  0  0  0  0  0  0 
 126  0  0  0  0  0  0  0  0  0  0  0  0  0  0  0  0  0  0  0  0  0  0  0  0  0  0  0  0  0  0  0  0  0  0  0  0  0  0  0  0  0  0  0  0  0  0  0  0  0  0  0  0  0  0  0  0  0  0  0  0  0  0  0  0  0  0  0  0  0  0  0  0  0  0  0  0  0  0  0  0  0  0  0  0  0  0  0  0  0  0 
 127  0  0  0  0  0  0  0  0  0  0  0  0  0  0  0  0  0  0  0  0  0  0  0  0  0  0  0  0  0  0  0  0  0  0  0  0  0  0  0  0  0  0  0  0  0  0  0  0  0  0  0  0  0  0  0  0  0  0  0  0  0  0  0  0  0  0  0  0  0  0  0  0  0  0  0  0  0  0  0  0  0  0  0  0  0  0  0  0  0  0 
 128  0  0  0  0  0  0  0  0  0  0  0  0  0  0  0  0  0  0  0  0  0  0  0  0  0  0  0  0  0  0  0  0  0  0  0  0  0  0  0  0  0  0  0  0  0  0  0  0  0  0  0  0  0  0  0  0  0  0  0  0  0  0  0  0  0  0  0  0  0  0  0  0  0  0  0  0  0  0  0  0  0  0  0  0  0  0  0  0  0  0 
 129  0  0  0  0  0  0  0  0  0  0  0  0  0  0  0  0  0  0  0  0  0  0  0  0  0  0  0  0  0  0  0  0  0  0  0  0  0  0  0  0  0  0  0  0  0  0  0  0  0  0  0  0  0  0  0  0  0  0  0  0  0  0  0  0  0  0  0  0  0  0  0  0  0  0  0  0  0  0  0  0  0  0  0  0  0  0  0  0  0  0 
 130  0  0  0  0  0  0  0  0  0  0  0  0  0  0  0  0  0  0  0  0  0  0  0  0  0  0  0  0  0  0  0  0  0  0  0  0  0  0  0  0  0  0  0  0  0  0  0  0  0  0  0  0  0  0  0  0  0  0  0  0  0  0  0  0  0  0  0  0  0  0  0  0  0  0  0  0  0  0  0  0  0  0  0  0  0  0  0  0  0  0 
 131  0  0  0  0  0  0  0  0  0  0  0  0  0  0  0  0  0  0  0  0  0  0  0  0  0  0  0  0  0  0  0  0  0  0  0  0  0  0  0  0  0  0  0  0  0  0  0  0  0  0  0  0  0  0  0  0  0  0  0  0  0  0  0  0  0  0  0  0  0  0  0  0  0  0  0  0  0  0  0  0  0  0  0  0  0  0  0  0  0  0 
 132  0  0  0  0  0  0  0  0  0  0  0  0  0  0  0  0  0  0  0  0  0  0  0  0  0  0  0  0  0  0  0  0  0  0  0  0  0  0  0  0  0  0  0  0  0  0  0  0  0  0  0  0  0  0  0  0  0  0  0  0  0  0  0  0  0  0  0  0  0  0  0  0  0  0  0  0  0  0  0  0  0  0  0  0  0  0  0  0  0  0 
 133  0  0  0  0  0  0  0  0  0  0  0  0  0  0  0  0  0  0  0  0  0  0  0  0  0  0  0  0  0  0  0  0  0  0  0  0  0  0  0  0  0  0  0  0  0  0  0  0  0  0  0  0  0  0  0  0  0  0  0  0  0  0  0  0  0  0  0  0  0  0  0  0  0  0  0  0  0  0  0  0  0  0  0  0  0  0  0  0  0  0 
 134  0  0  0  0  0  0  0  0  0  0  0  0  0  0  0  0  0  0  0  0  0  0  0  0  0  0  0  0  0  0  0  0  0  0  0  0  0  0  0  0  0  0  0  0  0  0  0  0  0  0  0  0  0  0  0  0  0  0  0  0  0  0  0  0  0  0  0  0  0  0  0  0  0  0  0  0  0  0  0  0  0  0  0  0  0  0  0  0  0  0 
 135  0  0  0  0  0  0  0  0  0  0  0  0  0  0  0  0  0  0  0  0  0  0  0  0  0  0  0  0  0  0  0  0  0  0  0  0  0  0  0  0  0  0  0  0  0  0  0  0  0  0  0  0  0  0  0  0  0  0  0  0  0  0  0  0  0  0  0  0  0  0  0  0  0  0  0  0  0  0  0  0  0  0  0  0  0  0  0  0  0  0 
 136  0  0  0  0  0  0  0  0  0  0  0  0  0  0  0  0  0  0  0  0  0  0  0  0  0  0  0  0  0  0  0  0  0  0  0  0  0  0  0  0  0  0  0  0  0  0  0  0  0  0  0  0  0  0  0  0  0  0  0  0  0  0  0  0  0  0  0  0  0  0  0  0  0  0  0  0  0  0  0  0  0  0  0  0  0  0  0  0  0  0 
 137  0  0  0  0  0  0  0  0  0  0  0  0  0  0  0  0  0  0  0  0  0  0  0  0  0  0  0  0  0  0  0  0  0  0  0  0  0  0  0  0  0  0  0  0  0  0  0  0  0  0  0  0  0  0  0  0  0  0  0  0  0  0  0  0  0  0  0  0  0  0  0  0  0  0  0  0  0  0  0  0  0  0  0  0  0  0  0  0  0  0 
 138  0  0  0  0  0  0  0  0  0  0  0  0  0  0  0  0  0  0  0  0  0  0  0  0  0  0  0  0  0  0  0  0  0  0  0  0  0  0  0  0  0  0  0  0  0  0  0  0  0  0  0  0  0  0  0  0  0  0  0  0  0  0  0  0  0  0  0  0  0  0  0  0  0  0  0  0  0  0  0  0  0  0  0  0  0  0  0  0  0  0 
 139  0  0  0  0  0  0  0  0  0  0  0  0  0  0  0  0  0  0  0  0  0  0  0  0  0  0  0  0  0  0  0  0  0  0  0  0  0  0  0  0  0  0  0  0  0  0  0  0  0  0  0  0  0  0  0  0  0  0  0  0  0  0  0  0  0  0  0  0  0  0  0  0  0  0  0  0  0  0  0  0  0  0  0  0  0  0  0  0  0  0 
 140  0  0  0  0  0  0  0  0  0  0  0  0  0  0  0  0  0  0  0  0  0  0  0  0  0  0  0  0  0  0  0  0  0  0  0  0  0  0  0  0  0  0  0  0  0  0  0  0  0  0  0  0  0  0  0  0  0  0  0  0  0  0  0  0  0  0  0  0  0  0  0  0  0  0  0  0  0  0  0  0  0  0  0  0  0  0  0  0  0  0 
 141  0  0  0  0  0  0  0  0  0  0  0  0  0  0  0  0  0  0  0  0  0  0  0  0  0  0  0  0  0  0  0  0  0  0  0  0  0  0  0  0  0  0  0  0  0  0  0  0  0  0  0  0  0  0  0  0  0  0  0  0  0  0  0  0  0  0  0  0  0  0  0  0  0  0  0  0  0  0  0  0  0  0  0  0  0  0  0  0  0  0 
 142  0  0  0  0  0  0  0  0  0  0  0  0  0  0  0  0  0  0  0  0  0  0  0  0  0  0  0  0  0  0  0  0  0  0  0  0  0  0  0  0  0  0  0  0  0  0  0  0  0  0  0  0  0  0  0  0  0  0  0  0  0  0  0  0  0  0  0  0  0  0  0  0  0  0  0  0  0  0  0  0  0  0  0  0  0  0  0  0  0  0 
 143  0  0  0  0  0  0  0  0  0  0  0  0  0  0  0  0  0  0  0  0  0  0  0  0  0  0  0  0  0  0  0  0  0  0  0  0  0  0  0  0  0  0  0  0  0  0  0  0  0  0  0  0  0  0  0  0  0  0  0  0  0  0  0  0  0  0  0  0  0  0  0  0  0  0  0  0  0  0  0  0  0  0  0  0  0  0  0  0  0  0 
 144  0  0  0  0  0  0  0  0  0  0  0  0  0  0  0  0  0  0  0  0  0  0  0  0  0  0  0  0  0  0  0  0  0  0  0  0  0  0  0  0  0  0  0  0  0  0  0  0  0  0  0  0  0  0  0  0  0  0  0  0  0  0  0  0  0  0  0  0  0  0  0  0  0  0  0  0  0  0  0  0  0  0  0  0  0  0  0  0  0  0 
 145  0  0  0  0  0  0  0  0  0  0  0  0  0  0  0  0  0  0  0  0  0  0  0  0  0  0  0  0  0  0  0  0  0  0  0  0  0  0  0  0  0  0  0  0  0  0  0  0  0  0  0  0  0  0  0  0  0  0  0  0  0  0  0  0  0  0  0  0  0  0  0  0  0  0  0  0  0  0  0  0  0  0  0  0  0  0  0  0  0  0 
 146  0  0  0  0  0  0  0  0  0  0  0  0  0  0  0  0  0  0  0  0  0  0  0  0  0  0  0  0  0  0  0  0  0  0  0  0  0  0  0  0  0  0  0  0  0  0  0  0  0  0  0  0  0  0  0  0  0  0  0  0  0  0  0  0  0  0  0  0  0  0  0  0  0  0  0  0  0  0  0  0  0  0  0  0  0  0  0  0  0  0 
 147  0  0  0  0  0  0  0  0  0  0  0  0  0  0  0  0  0  0  0  0  0  0  0  0  0  0  0  0  0  0  0  0  0  0  0  0  0  0  0  0  0  0  0  0  0  0  0  0  0  0  0  0  0  0  0  0  0  0  0  0  0  0  0  0  0  0  0  0  0  0  0  0  0  0  0  0  0  0  0  0  0  0  0  0  0  0  0  0  0  0 
 148  0  0  0  0  0  0  0  0  0  0  0  0  0  0  0  0  0  0  0  0  0  0  0  0  0  0  0  0  0  0  0  0  0  0  0  0  0  0  0  0  0  0  0  0  0  0  0  0  0  0  0  0  0  0  0  0  0  0  0  0  0  0  0  0  0  0  0  0  0  0  0  0  0  0  0  0  0  0  0  0  0  0  0  0  0  0  0  0  0  0 
 149  0  0  0  0  0  0  0  0  0  0  0  0  0  0  0  0  0  0  0  0  0  0  0  0  0  0  0  0  0  0  0  0  0  0  0  0  0  0  0  0  0  0  0  0  0  0  0  0  0  0  0  0  0  0  0  0  0  0  0  0  0  0  0  0  0  0  0  0  0  0  0  0  0  0  0  0  0  0  0  0  0  0  0  0  0  0  0  0  0  0 
 150  0  0  0  0  0  0  0  0  0  0  0  0  0  0  0  0  0  0  0  0  0  0  0  0  0  0  0  0  0  0  0  0  0  0  0  0  0  0  0  0  0  0  0  0  0  0  0  0  0  0  0  0  0  0  0  0  0  0  0  0  0  0  0  0  0  0  0  0  0  0  0  0  0  0  0  0  0  0  0  0  0  0  0  0  0  0  0  0  0  0 
